0.24078605240702672 0.24606704541888924 5.194849283623349 
0.8529576687324809 0.11601016835961452 4.121683306487797 
0.09999452722514712 0.8520920367704804 4.157846203558102 
0.010579905198522421 0.8499224807044075 4.321871258484902 
0.8512919772866978 0.8139847127553392 2.723126929159582 
0.07771644684928203 0.8528480098843574 4.202340872411098 
0.8531357571772719 0.858765011893214 2.624326356854659 
0.14473583212600788 0.027679289818264365 5.709745854718779 
0.0019664236480723372 0.19791895882720728 5.643006167941103 
0.7851318139674935 0.8547794245437023 2.8412095502440216 
0.8429022122831469 0.0004795791917244774 4.331509018786155 
0.7502021048924459 0.853251893988448 3.0415281549134336 
0.24211007854390615 0.22565968833479683 5.20606706586034 
0.1076724430812609 0.025286979874420717 5.797245980848183 
0.0016747879986147816 0.24117244508010888 5.597559872873767 
0.011196401791934922 0.10494996219268882 5.80875846858672 
0.13348787873236703 0.8528480098843574 4.068200406627003 
0.11427499695229293 0.7527821310023852 4.52316209367508 
0.27216256468250954 0.8528480098843574 3.910468762499788 
0.20881583349987123 0.2155940969132571 5.224711521279428 
0.8374075055983576 0.8448228085243566 2.645584157892219 
0.11120485933538116 0.1423140549742265 5.544692690002127 
0.8429022122831469 0.000352082977538859 4.33335427215817 
0.0013220274988853253 0.012281950494780517 5.994427009685004 
0.04423834876560018 0.8413657667620554 4.27361806427664 
0.0795570497854573 0.24526628720162402 5.477953686445768 
0.8349781592134237 0.2167775061464468 3.937080012108381 
0.7256063186046703 0.8547794245437023 3.2457210512547032 
0.17237642166755554 0.8454731714206597 3.988006293195107 
0.858438257845178 0.0592746592534214 4.244913797583508 
0.7463126401169008 0.000352082977538859 4.758918308349837 
0.7707882625287854 0.8547794245437023 2.9198874849121346 
0.8506999360551233 0.09160276344595669 4.173015675411725 
0.8191735574233113 0.8526718667648534 2.6853478220318867 
0.8522643611222835 0.13696348875185738 4.066293412065063 
0.18416747904612127 0.8494012705017955 3.958279842995809 
0.7873862479867891 0.24943248342055774 4.111762336435826 
0.024607204517318383 0.7706096906824826 4.591905196766863 
0.21660147438012317 0.031929745515064806 5.59067381274557 
0.6819376481111983 0.8200452231590668 3.6176257870451605 
8.152737929240789e-05 0.8606494495261373 4.329871511643835 
0.0036047875171639487 0.15255642508951173 5.708960380381196 
0.2512040165381102 0.0005102072405331892 5.610291033566186 
0.2003215792404402 0.000352082977538859 5.6462779012431366 
0.19963149071399883 0.7581098092823758 4.326285703319385 
0.07661481728812736 0.005691660391046932 5.873452557930428 
0.2348784508678426 0.7995207946796754 4.067607195293468 
0.856697587679837 0.747502984279848 3.0612620260578542 
0.7851318139674935 0.01919488942276054 4.509816861917246 
0.858438257845178 0.026115194791502983 4.29297545209273 
0.8424186900995153 0.1740650898970844 3.9979027718939317 
0.8489071485984601 0.7138334250549103 3.3069537223619125 
0.24101674456626915 0.1667002689527461 5.275979900286756 
1.2051420656609518e-06 0.6920493452037181 5.167414492711694 
8.152737929240789e-05 0.8207653860981436 4.3860978140580285 
0.19544674194076658 0.16095853518715098 5.338752593541322 
0.6850268387965128 0.0005472825210225919 5.251438434939142 
0.8424186900995153 0.19430263016653787 3.9626412096860046 
0.12122406610315628 0.20988412768480968 5.387865241139756 
0.14479017803205418 0.25398281344212187 5.329194120198832 
0.0004350149440667996 0.7301650769368134 4.884005640679405 
0.23141507971427017 0.10494996219268882 5.440350158264863 
0.21136392405666485 0.871328399320898 3.9207511033765683 
0.20543890848114638 0.08373599345002583 5.505195795015498 
0.7607190909888512 0.0004795791917244774 4.704881448681294 
0.8191735574233113 0.774272275275506 2.9621221951693455 
0.13582709522692415 0.8526718667648534 4.070693582719867 
0.6997746572676563 0.8159242986601011 3.5352232832132335 
0.6838057061268796 0.09671141442936171 5.073012398643989 
0.8569058827800946 0.7961116310720843 2.773019456354911 
0.04059067297106128 0.017774765988211094 5.9463684399276975 
0.7257327699979562 0.17513883424802718 4.5775642697442755 
0.8569058827800946 0.6987717548966289 3.4076645175161513 
0.183962884647113 0.6998009029032254 4.772377864699241 
0.24573943443356788 0.7060694089281686 4.643389440298407 
0.0017880261316842727 0.0005965350054464857 6.055048274479174 
0.7357476791777304 0.20428810664115282 4.479859899928467 
0.7158509904284067 0.01336701032054105 4.964331898300065 
0.8155274225370337 0.009779854137998312 4.395550986445656 
0.0016747879986147816 0.7652002985844139 4.63782574228781 
8.152737929240789e-05 0.8164874219870004 4.439924045853764 
0.8453336884550375 0.7916665020099701 2.8120077198957367 
1.2051420656609518e-06 0.7173679309127686 4.971839713230211 
0.6997746572676563 0.8875623519902714 3.5065850584126075 
0.16628590440535218 0.24953864194211411 5.269799053571823 
0.21037459668723027 0.83512817017395 3.938212236215189 
0.22076266274170847 0.0011580975416943806 5.620250852562983 
0.10185237090325994 0.21813722582857004 5.4344577267771745 
0.7857836523801176 0.00027816363433158086 4.59723229697489 
0.7487705237164453 0.7170270848977095 3.6999462113533075 
0.6997746572676563 0.004236603168176589 5.145675381615633 
0.8864810803926853 0.24012181707796948 3.9295675868783504 
0.8114130958024999 0.7049293451478773 3.498528938785995 
0.0016896324352375282 0.12243189892077999 5.786105334039339 
0.7625858245243414 0.23109538664215518 4.340889864415736 
