7.5717287224231775 32.43591939699601 
3.8529578138112193 37.08925123829712 
8.430040032026682 31.577079479727693 
5.0196529553765235 35.42800400454403 
15.751255704505576 25.87748580397288 
7.28565040885719 32.735929973809796 
7.071577341639424 32.96506302098524 
3.6365866669078506 37.42841954455355 
5.257787640303986 35.10085628397856 
38.2045343480374 15.883178702481526 
56.769561122517516 10.92400269379341 
28.028181350674153 19.595624134227528 
94.99959386764901 5.368478959438628 
10.011129746613324 30.12997038541268 
8.112389662439206 31.888313819685465 
35.399891812388944 16.7887075377024 
65.5943577623072 9.137955477344134 
9.249073854408016 30.811557099023453 
5.48670257002211 34.80995170090297 
20.751217713820317 22.977108474847295 
49.59593790749955 12.605573566356059 
5.7877263594891595 34.45366331222908 
6.593248138829197 33.496333675319036 
31.53354905856354 18.177880789072702 
44.658150358135515 13.915443827322967 
81.78901979961589 6.616244216089772 
16.16532108242893 25.611325981063978 
24.509480935758155 21.123799150464585 
21.8146420394485 22.462493694594883 
50.584488608836054 12.364207172169717 
52.361897436884796 11.955398602439185 
0.9446383853275033 43.365859770085024 
7.828533145780501 32.17287380624748 
13.893034645061148 27.118738850453827 
17.08599423351018 25.08124830805866 
43.710125039201486 14.200597827648984 
9.623243163611214 30.470638155788052 
27.363147869422683 19.892161381353908 
2.678228936745093 39.09754604669629 
13.169180127830128 27.807944771250085 
46.40915014141435 13.449836238402291 
23.374437475575533 21.72121796687005 
57.90328359165652 10.67090404738995 
18.13003312785655 24.42647511844594 
42.89871556269527 14.41130498121436 
87.27939949515428 6.032643064346502 
12.157590057090928 28.407637362021596 
19.857759288653675 23.45438643363476 
6.280602386952237 33.84944815010262 
19.21102230486035 23.828033716142823 
106.69475839035172 4.647095840100617 
4.732419643287733 35.80272271849546 
47.44800566174398 13.162097898643957 
13.59190365587385 27.343551135915096 
18.6831976523143 24.107003558779482 
2.081229308720795 40.43514535554252 
120.90362838927587 4.202447381074455 
33.708097817055474 17.390434673692585 
22.236651183811453 22.236896996012007 
68.00934445920545 8.689102149017108 
104.04109136783029 5.112373649510934 
3.0333056905885365 38.455940901491736 
76.20561156336441 7.348784988430082 
8.895669854814534 31.134027342458534 
25.355622693821392 20.73845635030158 
0.6684506404228516 44.570560788564464 
38.94497602655265 15.623145416272262 
72.66697190043273 7.926467241998659 
11.750755643646743 28.700860771508932 
36.71775750834432 16.347152763844733 
55.741119589666745 11.163304369699446 
2.3441372424601634 39.80381760988304 
3.3178426456246903 37.9653206095506 
16.499278262893633 25.40381884114514 
40.786654522574764 15.051755990860286 
89.935801365136 5.771992044431939 
42.12329647087344 14.701050214470216 
15.414627451223556 26.101289588039954 
23.983988735385584 21.374723825486747 
30.70371592535804 18.5990479143298 
14.886072062712701 26.439604141977 
79.71302744323373 6.975822704806358 
17.761120419754896 24.655703751333178 
66.98457590371943 8.894630399173646 
4.156400673459951 36.623951892699054 
20.341601628340143 23.195513566492217 
59.5057111222224 10.375086432688851 
40.318116221918714 15.278353536012686 
11.364503348667167 29.003651826007466 
54.10232754678013 11.554141110828159 
70.5556523761951 8.245080982374992 
61.60339710295817 10.049812102276876 
10.715829030911676 29.541048766177582 
1.2680665691673199 42.357438054354596 
61.91105482821685 9.840091887727496 
29.453165706175433 19.02941705712658 
14.577582727286556 26.647207045975247 
1.6982245527611806 41.32497844844714 
12.461709475454388 28.15903652522762 
26.531902919313957 20.21110224177569 
