-19.90428835095721 0.1059486925609223 
-19.14720367570111 0.10590271468395596 
-19.03157933082951 0.019918303910011533 
-18.90098480055557 -0.252326244358961 
-18.770662473597547 -0.57029510398569 
-18.6214048983571 -1.1176371503668716 
-18.5941565343738 -1.2138404195739896 
-18.498468760334312 -1.5858302426831097 
-18.38902139168989 -2.1443044131457696 
-18.355776924273442 -2.3195954846615585 
-18.271327943089943 -2.5621270548060444 
-18.16630222475502 -3.08406771552156 
-18.16117077074457 -3.1575454713957885 
-18.032571082917123 -3.6480306548234847 
-18.011828666826727 -3.749562521575966 
-17.93130607454485 -3.7892803005844162 
-16.98226335299558 -3.885832192583082 
-16.911500545781813 -4.080933540656488 
-16.83332382533613 -4.259636699669701 
-16.77536470373664 -4.493030638582091 
-16.73757196934426 -4.643638277808795 
-16.682475607833155 -4.9029982917892845 
-16.640710227055628 -5.102573616641407 
-16.593904636222206 -5.25527912654051 
-16.554024056952326 -5.493838569293803 
-16.499928444246315 -5.688296448447392 
-16.474796903386128 -5.869026436610547 
-16.434270025082782 -6.037416384486921 
-16.394824874596406 -6.1957262097726575 
-16.370307746034733 -6.364264896815424 
-16.305664353595517 -6.50142791068644 
-16.275610313512 -6.688765109890781 
-16.23308963074699 -6.821840885495521 
-16.18900770924769 -6.979323440242764 
-16.17300406146838 -7.139024842170859 
-16.114129260354964 -7.268350886230062 
-16.076347212484734 -7.370357845497618 
-16.03401723624874 -7.518170249207138 
-15.796390419257905 -7.564250433219353 
-15.629150839909459 -7.734562973966802 
-15.545305402488866 -7.8691826746408315 
-15.537180009223889 -7.990303208825537 
-15.49922669412881 -8.114380545291453 
-15.4513193704079 -8.354806245318807 
-15.412777892862326 -8.442210486289508 
-15.384588810663631 -8.601211820801485 
-15.357223309615602 -8.668731216587297 
-15.329160383802785 -8.787782352384259 
-15.307167453494705 -8.876441453029813 
-15.260442669793697 -9.100815543660588 
-15.232079544653844 -9.182967769953695 
-15.199450427415997 -9.266774315468968 
-15.177042223128225 -9.37688255886777 
-15.148332504520887 -9.47578201341885 
-15.126024601080733 -9.543705239199955 
-15.123055067331496 -9.639732309082806 
-15.083638608499477 -9.73532716551044 
-15.062456487458167 -9.923140547227398 
-15.043184733631694 -9.972672362377967 
-15.010646795851223 -10.147314844173145 
-14.985998535840103 -10.219458813703735 
-14.957407518631879 -10.29427045824687 
-14.942578120586528 -10.395890380595251 
-14.931725349461638 -10.430528394237484 
-14.920443023049135 -10.516440298569904 
-14.885548857655698 -10.64969167170112 
-14.859401832593397 -10.717646476986967 
-14.843469578503525 -10.791048782785017 
-14.811783185593633 -10.845340210267313 
-14.78169176879857 -10.903417876932682 
-14.772822986998188 -10.986299278259887 
-14.766472666679356 -11.042509194130796 
-14.737309437051334 -11.11406273269031 
-14.72639735629686 -11.17891721290168 
-14.695712493176323 -11.225137068100878 
-14.665738114267464 -11.280875447511825 
-14.609837355866148 -11.449127206151909 
-14.558511762317313 -11.528488320473738 
-14.526801225706027 -11.561664754130279 
-14.412845680976744 -11.619803616085449 
