18.720234440517352 24.139696201293376 
0.08465988474727829 47.96481697506615 
10.945984825455326 29.3647417031817 
4.008622374718014 36.97133436932564 
0.07448603000277944 48.24241086030858 
13.03798030390654 27.789414088714828 
2.0932776566674107 40.38347496116536 
0.2673104536799459 46.43601237968187 
48.304693088747825 12.994512073108195 
5.118485501263175 35.28396904636233 
8.827027288235026 31.20878958529554 
129.91846067982152 4.097010604139464 
4.228260465022881 36.541291545833914 
35.330917806244074 16.813386733103123 
67.85633602685294 8.737828894825098 
52.375235159820065 11.934975567617986 
6.813178557116896 33.40046526107527 
8.282180232784002 31.84512799535714 
0.7303850486273388 44.1577198066709 
40.759145600433826 15.095623547191613 
31.523419508906734 18.183249882759903 
5.565036778738682 34.843232110580985 
18.986531420257943 24.06497827780334 
40.918722899000535 15.01792527167903 
82.39784877524914 6.617608687435486 
33.08223880004367 17.62227533712351 
3.116882057174017 38.308024659112064 
64.91085533181655 9.283018496459162 
2.0581072929502735 40.40287961301678 
5.238592175543282 35.15727999361475 
7.2183848423754045 32.80726543107166 
2.5983135204931136 39.25152853318355 
4.119800902105034 36.67937378220936 
16.14729585141214 25.692634958486003 
18.010344998257928 24.500379239995752 
67.85397674895316 8.750556816935438 
49.65312658939108 12.600071655852966 
69.64921542065846 8.42881518876755 
0.6297369595758529 44.67017222715187 
31.687665364217075 18.172768040128517 
11.64106820822294 28.832433300545937 
32.34065099937716 17.873666987317673 
25.928648093635978 20.545102255248505 
31.35770696481475 18.283019071753408 
91.92879115602798 5.6161362573688764 
85.34861284525195 6.275435000488789 
1.4209001830233856 41.92655354153189 
3.08585902924998 38.4645493538486 
73.07506252509619 7.826689737888406 
103.75833641895701 4.816958491046576 
0.26363666883136183 46.46392493904099 
37.63849996030641 16.031375736842033 
59.46433281588857 10.375826656731554 
57.63820849658974 10.744072142224105 
0.13699100122242977 47.42750125254112 
36.99060865658038 16.242301249929696 
61.90199918648887 9.86269207865048 
0.8711680365309032 43.706620806921734 
13.48474385408948 27.407354585060638 
50.712531486844824 12.3231392876706 
10.857210932651173 29.568232340600993 
80.14561112862515 6.824922913524663 
22.039150185400246 22.324961008267927 
55.08861410032131 11.291930257683376 
2.5713807217270395 39.381449250090725 
43.33130390854634 14.306482047779435 
20.09802869556131 23.3534489406952 
27.187385206679227 19.933616037265153 
1.293893133754605 42.2810410716085 
8.412459876638101 31.60893048737644 
1.2007381940884718 42.552124021942355 
30.031866205864276 18.774281544673553 
45.79976158135854 13.695371624045379 
14.771212539654638 26.524075559640508 
68.00143464492957 8.713517049136193 
9.719485884597482 30.408306527732776 
49.49669520461255 12.641069399238724 
46.44265259015805 13.430700411125006 
18.349115822044624 24.29813418969625 
3.6752219066004184 37.36450980074691 
8.804720262641517 31.21989914288428 
83.63937206734883 6.455553872164912 
53.908023160470236 11.681430840512101 
60.640802994639316 10.109477981227831 
19.990535180403498 23.467642541983615 
1.189035808448196 42.64925336746057 
9.837823388287887 30.32615801092993 
26.02598321875591 20.442556359172826 
64.40161951662799 9.35724617411331 
51.739167801886424 12.074548200410927 
1.630636161889758 41.380332587602155 
49.633926827043986 12.618090221743131 
29.318900170096732 19.042736566213705 
69.19559155012806 8.479088091784067 
37.87409312880819 15.955084348018252 
55.41780167494145 11.253845290530132 
19.16159531374413 23.857451245821274 
6.287931005893528 33.84635404457874 
0.310844290695436 46.14821054609207 
2.276026461222921 39.908394707603364 
35.05798557207933 16.915092184244344 
41.64121802052614 14.786107164361688 
12.190245680092577 28.360087330556752 
25.421843701047614 20.883162044557658 
30.329970420788484 18.64127220315124 
56.931913547956995 10.879483974451418 
2.1391703613661406 40.26562812484438 
59.55297185219851 10.36695615193494 
42.92752269443913 14.403945228378227 
11.954838516881406 28.59247402945818 
5.129457215536069 35.26772907227141 
37.611202954138605 16.0613651275996 
54.00600082379456 11.537096904686056 
58.0424580097193 10.644230447706779 
12.642760042240315 28.09271615883401 
2.785214439591468 39.0132153826692 
11.797648146774538 28.673400832196272 
84.44329682959 6.3460526698015265 
57.23380770951003 10.83890667277327 
100.08010023437957 5.110609341063918 
2.8538011950266147 38.91579125905775 
20.9790050310282 22.900039723164888 
2.2660181534992327 39.92406622102732 
30.624671231652258 18.52906018566737 
27.989655624838413 19.597978661870926 
38.23234295939563 15.840589101027554 
4.439540616823621 36.28027889231888 
0.5212862600411143 45.05364853155951 
44.8538623475146 13.856436656261025 
58.07381301574116 10.63367599892193 
1.4789444076132243 41.81398580976461 
21.633535919021888 22.5257355518398 
15.05413741314653 26.341962252031358 
29.676614580158102 18.938976392324857 
92.1307074799087 5.583329965371376 
1.9225244363249714 40.72107826129894 
21.90456353142615 22.381964164888956 
65.67434078357847 9.114905442703979 
33.20389109604656 17.581841678379924 
28.897131924059536 19.236146607536426 
103.00542319258278 4.85317128754799 
60.153865855678134 10.196809297754712 
21.25536518772901 22.786629399233014 
2.854447098339598 38.82361597355638 
67.6397495829475 8.75655469298939 
5.266385542713598 35.101703895813216 
87.5071813823759 6.0787087970040075 
57.389965489082115 10.830571113594019 
90.01636557347783 5.8614237328657826 
45.2254608587835 13.830748623995417 
33.399338393542344 17.494799749634744 
25.536304400330245 20.652826855846758 
39.42149581984954 15.464417274452092 
97.9404297417831 5.144304251052699 
30.580889756478935 18.543251683350643 
29.25561701823117 19.114776774390734 
26.208880160211137 20.355171002715185 
15.541989184013278 26.00970071022887 
0.2017148926980639 46.978327308654755 
13.682695898612224 27.267947693418808 
65.8262740177098 9.087027949434244 
68.3328628437737 8.631730719474952 
41.62394894590187 14.815423956018785 
70.03669055171007 8.34623838668195 
66.38420611797673 9.03341929570636 
1.1160382319990747 42.88280934796846 
62.40580699801869 9.77124671478219 
59.09669297716497 10.457575271088515 
55.02262511562924 11.306219162067196 
78.03251212180727 7.247443984509789 
121.38019137185148 4.152586135792108 
70.54364704479491 8.2602003292403 
37.46412029945383 16.1095023451565 
38.46157462820361 15.797586010106805 
79.34447983247432 6.941075595531851 
42.60808732752959 14.507843300505186 
28.247345069543876 19.48087006642355 
17.583885550805086 24.793296455351324 
10.026679721730961 30.124655446034737 
26.105364589678096 20.409188731733764 
19.291267226227596 23.814842667880256 
61.08677085044689 10.00967491658609 
17.018243510417786 25.089426943246437 
26.963881740109883 20.045166115671577 
23.400763933647326 21.65769122461764 
13.974549065760506 27.107857098347736 
18.321731789202246 24.37131391477547 
15.330716770027525 26.160444030267445 
48.87443885711724 12.794816537648096 
5.283936198194997 35.076512742573215 
22.688567131894455 21.992803352506748 
39.9457071149803 15.29585077841238 
54.48187859671408 11.428117767836659 
24.17511938265332 21.278524270420743 
47.62178591631394 13.192556292728806 
12.41022311451535 28.210100219319767 
1.7113789454087662 41.21182605074183 
21.847910833353353 22.412986905206076 
16.521560264742508 25.38917300196387 
7.374139015044662 32.668033124900646 
32.16509839947481 17.954974564024262 
49.3368586285519 12.675125845182993 
6.768339938467769 33.42382844090829 
37.847673022901716 16.012436672485777 
20.80627537708537 22.994831970642913 
32.07102585702534 18.00009713044144 
0.07859867996544345 48.11784005380629 
39.67048911134353 15.384037613280867 
64.57207804067616 9.32471420881045 
51.686609671585515 12.091888908248837 
9.198463977240568 30.854240362717725 
2.436171730749761 39.578917204103334 
57.991915945019706 10.678532916641831 
57.01904070959958 10.860476885015085 
18.467410331438792 24.252786812212687 
6.90610340052676 33.1842634254764 
39.01696458238919 15.618805752944724 
0.015447489079991352 49.26318003738803 
5.357835873295464 34.982300966456194 
1.5380422935370819 41.615438027333575 
3.801192293879975 37.16591023164922 
4.9330949820722 35.59672595855268 
8.080063118434982 31.922869491548077 
18.195278648492568 24.421579788845882 
1.2647036823394469 42.44933341323542 
23.51181156049363 21.63935260685265 
35.2120218932619 16.866225723939344 
1.9371111859029098 40.64493261030797 
52.784979210814555 11.837838570031412 
2.0030004138352733 40.50473475678656 
13.25886917180531 27.650856669187554 
27.714453503826064 19.730958499247933 
15.667435431019575 25.97518737012662 
14.937331311201692 26.449860331590706 
56.17409190756415 11.046366472218294 
0.43593763540196495 45.4656043860097 
4.697180717594766 35.909487987827035 
8.567393135986883 31.57832459809861 
0.3882929148076269 45.72170883338946 
30.71080544016435 18.505138069563053 
3.2326922470881074 38.141811601427754 
41.879197499543984 14.711863071253557 
74.68272420546458 7.646267623356592 
1.3292190519944516 42.23138543502665 
28.201733518373487 19.569001250000756 
73.50489916359243 7.815922036944764 
126.35237823086322 4.09956998100871 
1.0235312454455603 43.11896581222229 
23.073983962257664 21.865177022987687 
65.56437556813168 9.13657445273364 
64.54607040439944 9.35442380155644 
50.47746073224964 12.425482369506632 
47.795943812844186 13.082296124126412 
76.80762985397881 7.366513705328941 
3.918951177048955 36.98306590688087 
8.894148741184074 31.135685875275882 
15.72648045014196 25.905962217534892 
24.083573602459445 21.320406969475755 
0.63555561233427 44.55192849176996 
14.847951181048838 26.46532362243631 
14.419061043454363 26.755912726739115 
35.64449589536987 16.718281589563915 
17.684917525480053 24.712294981295067 
12.952427994106614 27.93486748930048 
0.17768030659422537 47.09144643941937 
18.054300597958175 24.472908307340344 
40.46213185115723 15.146026342498402 
70.97444002860081 8.181632040781198 
28.80130854795375 19.287942775332 
43.86022156178781 14.163023682643733 
1.5667783441667336 41.58290613916208 
32.60721469468029 17.786267120792132 
6.322939322580748 33.84509450776973 
105.98932788505246 4.737768891154997 
73.56386764721378 7.75992943875513 
34.810158774824956 17.03352132196169 
44.16661950770564 14.064195310728955 
14.762301038730307 26.536129988528366 
2.2988258162742277 39.8539119450118 
0.1716450831875728 47.121659412806274 
16.30587950009218 25.552614047727413 
59.178785153853624 10.400336057699903 
5.679349200342731 34.56853134963656 
62.9465418746163 9.637378315268364 
12.161559976774612 28.396587172803308 
73.84550833339819 7.727700816176796 
48.86009898743186 12.85343564949926 
4.763238331249271 35.7587944786229 
18.1190500680473 24.447444621418043 
32.13297343062151 17.962021225945414 
43.21177368108439 14.32090139817322 
10.197525356148912 29.972420844772643 
56.00597421648858 11.10479628460837 
68.08026323424966 8.678114123586543 
4.479634883204769 36.171268541056264 
23.586622455936777 21.571665910056534 
39.65303597762781 15.386870177865728 
38.74226275082299 15.67399116440488 
90.8838141822806 5.679783499084518 
31.697147548952287 18.115712101151814 
7.6032737745163335 32.40435753728056 
30.828402575317035 18.464287020534705 
9.912499474597336 30.21567720077991 
4.886888140880083 35.72172154039151 
13.596523127665542 27.365935623503624 
51.28320022819939 12.183264905406547 
104.18435268381477 4.811204267348857 
66.55786320858046 8.973191892480632 
6.514436424659392 33.796841262324655 
8.611354660820973 31.564769137740512 
46.26780849244418 13.52937696602564 
81.62922991413848 6.662884795856812 
3.269126711722369 38.064545044891375 
33.56316251585936 17.427475806833236 
15.257918380318792 26.19793873772456 
62.758220683866256 9.710064591496526 
54.72976487113297 11.377238200577306 
72.67970298784459 7.937207112803648 
1.7527462860678442 41.08436941946907 
11.308677026525807 29.079555015273755 
120.44925753889034 4.200382869933178 
5.847345629774434 34.3803115068358 
0.06591231952047424 48.27252767810208 
18.000150722564914 24.50353517731647 
34.401033247807646 17.12813063442492 
23.936334514432712 21.3925967868121 
47.08217241937095 13.253791697890962 
25.76452337801007 20.550496384149337 
28.86881700903659 19.28023837948869 
69.6496220488884 8.428525001068492 
11.519573748132117 28.92057099761699 
25.48994722850584 20.73415378034287 
21.01239279519926 22.857519634578857 
3.671285327877796 37.410303942828854 
12.645065835242555 28.016685629711063 
40.958518291214745 15.000733411624697 
5.860652644557798 34.37651284886225 
52.852628650669416 11.81998346070538 
36.83884994286123 16.348219240157697 
0.2551484514549611 46.50711320960015 
1.0743238518084621 43.018721804527175 
6.901758851669767 33.28698721544235 
4.669318859772654 35.94506862738906 
16.214022443709084 25.600189154384232 
1.7477866291950837 41.18849927018891 
112.01530242020348 4.436625171936296 
61.13434454564474 10.005146721826621 
28.318838111232697 19.479879444105155 
62.27605036852319 9.778814406259299 
5.0286035362856865 35.42225424381192 
15.402148486136728 26.123166668498143 
63.92046069709484 9.447771475280096 
0.5063032171121731 45.17608965235033 
37.83101631219004 16.027100508106845 
48.35708418495844 12.9205773251932 
11.457078019888595 28.938155984744974 
8.296541142194416 31.740166454897036 
11.137884897914887 29.193005223503924 
2.2286509447249347 40.18217087072184 
10.978775543145073 29.329015965269605 
17.295216956570094 24.92377202264649 
4.094605117508769 36.71902816617835 
49.23139539379394 12.721018273091365 
29.1220866749872 19.18806528488255 
28.663773634819385 19.308552644888277 
61.83485685805792 9.87350556909632 
14.75890112147222 26.560984121036043 
0.03603180353095108 48.66832610042343 
39.779583340614785 15.373440002904807 
44.017632927304014 14.090889501303423 
72.25838336101617 7.957742005222634 
25.98715886366032 20.503689085648475 
52.44042644773263 11.906770692349028 
3.752210500503274 37.241029867927836 
55.74479722907241 11.146013671636544 
77.15381591222152 7.291010080228002 
57.21638519899447 10.858780099815524 
63.04365456066709 9.616703825912413 
20.046130610367218 23.360663613470486 
63.21477850375047 9.599593721327425 
9.723703263075773 30.395130795644306 
33.94340326689744 17.29307117174713 
0.04477294629093309 48.52984976267285 
34.60411141562848 17.06547236584305 
5.976904026002169 34.21977954377097 
12.226648247865615 28.331885133198313 
8.21812001764954 31.90830327329246 
54.27981670590169 11.494612379383291 
34.52272465219127 17.086749230230105 
20.158568110142753 23.32256282645798 
1.803921010368201 41.02821419642878 
46.94497443435813 13.310375391796565 
43.923738159580154 14.118393478950379 
40.200101785726304 15.25372065480975 
48.535223234978375 12.89303789474243 
23.682829779364567 21.52324684937751 
38.091703247125686 15.881678043136539 
14.06213661026539 27.060713032415613 
28.23343825773742 19.502601959441456 
11.171048484795108 29.163820068530868 
2.0413687339384996 40.41914796832632 
1.556545729159882 41.597048856001166 
26.729592220011263 20.1246092424798 
51.82273768375459 12.056640015253944 
47.07036656861837 13.25494196946255 
10.07438659110991 30.099121941087468 
4.6612339061441475 36.000874263693696 
68.73700150645223 8.621596154348158 
42.528644054478704 14.532672216397327 
43.47741827321663 14.248014196239787 
12.412992087168732 28.191515330676893 
15.241749672228362 26.245029309801765 
0.5831588940049892 44.75163775226835 
10.275856010768614 29.964857533704713 
30.483804347312585 18.59667911517347 
72.77951433859724 7.883108835296616 
36.59650702107067 16.42970821537462 
0.503059883779525 45.198780852212465 
86.32873670259349 6.114028033602368 
104.8833702893017 4.789688388976201 
58.82750002732797 10.508676042820554 
34.96332715202693 16.929764760590263 
39.25725188332044 15.51741333520354 
11.987986232700495 28.516120103904395 
66.0424557880209 9.051428381484525 
6.09830279937608 34.18729923540164 
1.618562049198217 41.41956992099171 
44.355016182275236 14.007299235310303 
2.9428903270539015 38.60996039169693 
54.129883692181835 11.508496653827773 
33.55419899217723 17.492449236415258 
9.376989070694231 30.75893679261484 
15.350444302001774 26.153015587645186 
0.026017390741533575 48.88484096941991 
37.05645018391674 16.220046067481587 
2.7117031121353232 39.034035674749816 
30.36296700029539 18.62856809166856 
51.17246463489526 12.213890013943615 
28.886277927831923 19.2397881223713 
14.988669875258854 26.41829323512261 
2.792071539707358 38.94762607985783 
55.556271937224864 11.240947448652902 
76.15163430101964 7.366844925775776 
16.240272274989273 25.565957814413192 
36.84069823168231 16.30078211397106 
12.061618605569143 28.47594919241734 
3.3690501030961766 37.866986883547796 
75.3391137330145 7.50472920114446 
30.162010375543208 18.71964098044468 
51.52075970161329 12.144425382587219 
23.3489385033414 21.69466850995247 
49.9132611022864 12.522951619505044 
56.43700637775486 10.998672658335156 
66.89875644713388 8.892969507737543 
10.673729757573138 29.630569749101813 
16.84104468211845 25.22002892491931 
13.753246295397261 27.264613353031795 
11.066651729000817 29.268764427832814 
10.365232702724594 29.846437541820183 
27.6475190942027 19.78338073546971 
24.878791871296137 20.951221428658187 
17.740600717331475 24.705474238596246 
22.639216832401083 22.06211039801684 
66.74493419320513 8.933154446746343 
116.31558760758276 4.309199061826334 
43.08163347634769 14.363196242228495 
31.448552152874832 18.215738626391087 
29.83652126093488 18.85130735571495 
4.750695711232891 35.84903786824726 
22.181946097934283 22.252006646649804 
10.370810912247062 29.82153396106385 
6.121547981488826 34.11823499540599 
27.133838982138972 20.043602712629646 
55.20171657597771 11.265225980650015 
66.33406118428402 9.050055127152623 
23.85311340288729 21.44628069188605 
34.50252930030564 17.09139669641256 
11.311054231966022 29.050928050798934 
15.821924977104569 25.836601087036914 
9.058044671759145 31.002997235002105 
1.9995861676456945 40.52280037197971 
6.144355305147652 34.024583919903066 
12.27353959266477 28.303387013072 
22.930214454185965 21.873687409067948 
24.98435235070106 20.936221079805144 
15.526448720237168 26.083193532733254 
107.67128100916585 4.623623194093232 
70.10586233419974 8.322394958407113 
15.536844064634051 26.025715825225276 
13.762615126017785 27.253044490461882 
22.351848644721457 22.1849400586459 
50.97083629981946 12.261386613529258 
6.862364381206508 33.3586743294153 
8.902683706238385 31.130443374892593 
0.8270236830263311 43.77836176566564 
17.199136819897205 24.98883929545251 
18.774680027774146 24.091594329463803 
71.65082774369864 8.060779790988224 
7.768786407471131 32.26414275093185 
74.7041642926965 7.579437799145651 
11.672777870754404 28.81337831373257 
105.39893778883956 4.754993191786658 
5.076651783347382 35.33715606414122 
16.828852853494304 25.255202218105506 
32.93612851939283 17.654413665092413 
1.4427193490787342 41.867390283079175 
16.627100945044674 25.323917873638933 
9.693403973606994 30.534636589609583 
19.43199951701669 23.714123724429736 
26.581428553780626 20.18995584589259 
46.60639642500247 13.383608507450841 
97.29971207478968 5.393004016252223 
21.606548764748137 22.588105171206166 
3.3006954468925715 38.05036687687596 
39.5801945714834 15.410487575706483 
1.2747977873633327 42.336483808034586 
0.07933049879400109 48.04678256442166 
45.990767400998976 13.544190032575838 
42.62844775489555 14.492747452059604 
91.88957375366832 5.635207349985099 
78.78917903159893 7.143275779069649 
64.26405768334646 9.441250426864482 
1.4628263720081915 41.837125927320855 
84.93229576388048 6.336594016694182 
16.396767769746322 25.54357214884422 
34.12982227630428 17.2228753443029 
69.90267118735869 8.373666785423644 
113.57996445926071 4.381156238986831 
28.881299000006358 19.248816382202627 
43.615851702953776 14.213053096721838 
65.78556867607186 9.098878627343472 
36.01403059386414 16.614232887130964 
78.18009712065731 7.244020748919501 
1.3992892722400005 41.9889564326198 
41.55411544025427 14.84063359278397 
100.98279818635723 4.952677654063451 
18.413896333698673 24.2828841857427 
45.58542946719383 13.708751112270406 
20.009210253716127 23.44163459564982 
61.98524714338499 9.833213332159772 
44.82409497097646 13.89541606519155 
42.786497002093185 14.445161778160204 
56.75911742102831 10.955761861828822 
44.525616161130614 13.948114899471083 
57.86472817417662 10.68813544573916 
42.28906298266675 14.591912798873976 
71.09677890539564 8.160456905707612 
54.887851282099845 11.355350788953093 
19.410398114680298 23.761482940254623 
4.505480827306419 36.120768220411705 
12.744877965365816 27.960099626565125 
12.2261500747749 28.339746421632654 
20.394759709048245 23.18362080161058 
66.43014145515374 8.9885365265161 
0.40433404252310323 45.64771764961296 
0.4742923346821828 45.38013968140123 
67.51090920549574 8.810082033186646 
3.1072893494185068 38.31873702824247 
10.07363564409738 30.100784471605465 
3.213000804528641 38.164550599327725 
13.882001391766071 27.125523372267118 
63.269961576677645 9.573842047552146 
42.73384108926865 14.462541469185222 
23.93573550716054 21.395270970511547 
10.573693455148579 29.65104894031188 
26.398223670426958 20.308383875598967 
14.264734718050153 26.85987478943255 
71.48576458500901 8.096929313796876 
0.9587452163021477 43.37084696277495 
40.40738925145661 15.243459420004823 
16.023852158066006 25.70958262502375 
60.37688658828972 10.185751586441636 
33.797379952068866 17.341671191501476 
53.439946611718085 11.702211481229742 
97.62864560364171 5.167218129255731 
10.111495439140679 30.04307342441681 
13.305692747506697 27.543789998671237 
78.73308420113523 7.183172592856037 
109.63625694034346 4.508838459265782 
68.31942721013871 8.633863770613747 
50.86860392615208 12.292124261601131 
61.22922188049375 9.99751278341299 
107.76813440354779 4.604654115885128 
7.43155164162166 32.590917503800725 
23.314555248692223 21.699909552412045 
16.411198414450887 25.461309904395442 
36.04214512694642 16.580238426500166 
54.19103547118068 11.500401860396977 
53.132291592013694 11.786686986722204 
76.10925154540088 7.367419172674718 
42.37999382422306 14.563362466272132 
71.65756074974509 8.05898004700725 
82.77680421983919 6.594500690612288 
49.245900130365996 12.70327696737849 
21.741691534332766 22.509102155617512 
0.34329350787806684 45.94581239777292 
2.4233759310649443 39.603617915415484 
56.90217205186634 10.902335968843417 
18.518500229511133 24.214258615542263 
78.18304487782802 7.184796666348371 
36.33512346067202 16.460898039620982 
5.224097404812093 35.17132034423743 
41.52933548033734 14.92141755785596 
6.688914335019376 33.53221949455488 
14.078765304899257 27.016124266995178 
60.57344823602132 10.112393734342753 
63.7753954682814 9.513643458082374 
2.8948528024594644 38.693228689739655 
6.248588062228672 34.021694648861114 
56.798771012571976 10.912299648208698 
15.980041999065126 25.76373194055316 
20.704230285660124 23.001475732768647 
4.06903562708947 36.77635187566467 
24.35431408452156 21.204893505363806 
7.972999515326297 32.027225487992894 
31.334670398595648 18.308768885043754 
58.271182420372014 10.606428242264894 
56.112000523916066 11.060096974672426 
38.648805050624716 15.729756703924798 
19.97167423792385 23.50459137879936 
33.797281914197455 17.376361589861688 
31.40800209674364 18.22493899813238 
7.308263428370777 32.711518396324166 
22.37753833276337 22.161856444259218 
51.821502150032174 12.070932500567078 
3.0220473625281965 38.4971178551769 
29.460686211745603 18.985932544515194 
0.0581786779200895 48.31075948406405 
21.355041573474498 22.703796281681058 
8.940867896561748 31.092210813794967 
20.36923725524468 23.226176921405692 
65.43135044449036 9.20822457265205 
2.0974773209381556 40.28593338623267 
39.17237364472798 15.53994095010442 
1.2300229220262628 42.54653849047823 
37.3423644587546 16.2080439057151 
64.67618517116092 9.318178468128188 
10.919537151270267 29.40586441469536 
17.74586921097262 24.653690127710448 
35.596058571957556 16.731377030559127 
0.40761376975305097 45.605540682674174 
10.949294536140183 29.351854845806624 
61.51942327022695 9.924092652619123 
11.836427406142189 28.64959588696331 
35.730276168280284 16.702103043017416 
22.032600749846086 22.355963451239 
24.72606883783959 21.039784281256193 
26.633250871357262 20.16687351584902 
14.12527231692226 26.958658119398596 
3.5923864397695278 37.74618686292534 
35.86523630366099 16.624362218642638 
51.0473321605145 12.247807994030982 
2.3136938214552485 39.82309770372409 
23.17217747301528 21.820802572499723 
48.12048427841239 13.04368514835502 
38.2512491820282 15.830594005619574 
8.745351335660793 31.298945161689605 
69.42689410284538 8.445487133982772 
117.50010183566351 4.28144761408521 
26.510146714701193 20.29331370355732 
6.5844400591558365 33.55824856680515 
7.242288898794399 32.78743240964099 
9.482494391100229 30.609982378712722 
50.18586819643297 12.455792131372815 
18.995623145099323 24.0009182585502 
7.490305778722952 32.527104601541055 
7.167750167690826 32.861325461194184 
54.45987067232099 11.476341208990604 
85.64715414361854 6.211684370011763 
41.121395331170746 14.956127479132778 
17.962828001918645 24.529701000318845 
30.763948055113143 18.47297466744565 
27.40624529091044 19.888089990418713 
59.64814975991722 10.30613295874056 
3.213556964495077 38.15059600950913 
1.3540130306597402 42.11618743302135 
36.40478484467292 16.44232955936433 
5.354352557168131 35.00329187272864 
6.051612863802102 34.21034183160062 
73.51758935020482 7.76209368362602 
24.574608752787242 21.15158454361591 
5.628850901111736 34.64342904386386 
0.056775374906875516 48.40910662991641 
72.91642310534529 7.875949926341938 
64.72700115939256 9.303717780589551 
86.20180361673985 6.174495100492926 
67.14665949862045 8.868312222475403 
7.487352351557178 32.52963599849169 
20.585801339167368 23.14703540996416 
20.220980183510292 23.264925741722436 
87.84823521935195 6.0220346127999695 
3.017060130144768 38.52593082351703 
61.29672765622662 9.983672872967105 
27.940255395022405 19.655800316634988 
17.45685520376165 24.826908850004514 
31.023048267880874 18.400554381453038 
6.5181483076483975 33.704308466788206 
0.11236368990761332 47.693974589038326 
0.23392738449607528 46.63950276150035 
69.17407216813865 8.495709207476521 
24.02016200194676 21.35793376023088 
16.73942362994804 25.305427657079065 
59.018506020416055 10.50283305680006 
72.11133977297541 7.9843484557859155 
48.463487174123124 12.908058871828098 
17.60579558326217 24.732848394579648 
41.03940059742945 14.966258532962373 
17.865708517554836 24.597510493807413 
8.969729329185625 31.07482272115971 
4.3900527717459426 36.384320677715834 
94.23350168816714 5.404873635399822 
15.03603137470138 26.371411815158503 
53.18313344851457 11.729076946667767 
13.86981344798491 27.150261730973348 
20.252090184250157 23.241575240894704 
38.54648517345519 15.755246754221275 
8.002387970802335 31.99764009687555 
0.9894754204401381 43.21399558509564 
9.061106676880973 30.994429306864973 
36.92026790317638 16.289674294595812 
88.68795020499635 5.931758055736825 
97.61070854064609 5.25433722347651 
0.019276747502495438 49.06361844453811 
55.014484451052255 11.31001886790191 
62.46203892752927 9.734206950296254 
50.938241836511274 12.268315302103623 
14.380325519646899 26.840175644908655 
10.717402004384457 29.57158288140304 
54.79109483629663 11.367036770176306 
65.13093494130301 9.216665142771816 
46.81864361115467 13.323985838751016 
0.020140791867386664 49.00536675979519 
44.91279430789811 13.840967729821791 
68.01312645895638 8.688220081908607 
19.722332172150338 23.54443373555081 
5.824276975967633 34.40093088336636 
0.8994686363606683 43.559171492497455 
5.7237603980873 34.51388486080957 
42.676523685636525 14.49181155173294 
49.29552617678188 12.677692606101514 
28.552279812903258 19.36960559796487 
12.506604959495931 28.13722497415783 
0.9823846447160012 43.25037229081957 
83.50277151800123 6.55608405318687 
11.871133499196324 28.605222675285983 
55.440390189292344 11.24552640146223 
