0.0 0.0 6.227138665224427 
0.8609020192748229 0.8521688010459398 2.6897557915736963 
0.9301099751421953 0.7125239372536353 3.7417355879403793 
9.234555776979872e-09 0.929702733438517 5.288771565199665 
0.031101417072144144 0.35041846509517055 5.993904214201902 
0.3410736096143014 0.7125239372536353 5.111326113298535 
0.6086771477744161 0.8741556123397121 4.346196592066699 
0.7787832472425359 0.597167164579557 4.574984418985874 
0.7306864878256325 0.29010282532861725 4.819500296545069 
0.7786423254789998 0.05836727982661709 5.031926163240179 
0.23713202923574603 0.9051387597020971 4.166160236936513 
0.7772962668371449 0.6000294571065378 4.634832253678986 
0.7700281751727532 0.6491757085190776 4.587616184220838 
0.7998927033235598 0.006147980232732067 4.668883067459326 
0.3229445642847032 0.7032584683760874 5.188335822593645 
0.2473948181098215 0.8073415773887533 4.406793205242893 
0.8725547868033305 0.8327105528533215 2.753296502618994 
0.7775223284289714 0.10746405848976259 4.750447895498492 
0.7157930107121382 0.8967957731394898 3.6628255803420813 
0.7219752812831367 0.09348711549615812 5.455785091914826 
0.8809608286854309 0.7545324639425548 3.340712887078378 
0.9161312630206075 0.0 5.210787699632758 
0.6799889597595156 0.12150738198535826 5.547440181353025 
0.8237243618036658 0.820218697180548 2.8113195609238195 
0.8574893662628831 0.8007352754122654 2.9309019299235453 
0.6500513718575684 0.8800605281966758 3.959205927575718 
0.8658662328646678 0.7258196518817727 3.6161025951999695 
0.7049662623265557 0.8467547122841242 3.8356473074828954 
0.8999476253397216 0.0 5.319216090085949 
0.21383140936494666 0.2302671762913473 5.4031888998500746 
0.143757428523168 0.24678743305940581 5.676356980251961 
0.6275505604249543 0.7191798596446963 5.0116772873939155 
0.10879503819649056 0.13659794102167538 5.908401021324816 
0.04707917568505998 0.6783019142126899 5.737018645797115 
0.012063919595788841 0.20700615401083158 6.006953277142109 
0.6656749417758475 0.7819719044621344 4.310378020937789 
0.8345695025738927 0.7905416875894781 3.108319426152924 
0.829447409277282 0.21485082868959243 4.507336144625798 
0.19750842785194464 0.16456497784408275 5.6390236043320945 
0.10033737305051166 0.2761446930672699 5.82279050023174 
0.05145623125882273 0.7084855445546543 5.491532937946273 
0.7844007221845193 0.7356368285493902 3.5453099312989855 
0.6351456700419875 0.6925702953222501 5.113940811614752 
0.08687822849584681 0.07260695122403776 6.167608955645342 
0.21403111225222754 0.07493862836689469 5.873501556809051 
0.2111925340549252 0.14047216226142845 5.844404075908311 
0.26707344114990844 0.7768430054909664 4.682384826421857 
0.8136110551971564 0.894754544594605 2.9778065921992494 
0.7697934051673662 0.8665254963273822 3.188126327751038 
0.13527370028082428 0.0011989752276289622 6.1327962660169435 
0.288421498281521 0.7768430054909664 4.470492384543323 
0.8456201015699397 0.6501070362057184 4.1182023061485395 
0.6879345091661767 0.8182739934737446 3.993272104923238 
0.189400871703094 0.7416485385927278 5.088090902415243 
0.3032286832926872 0.22299107871070017 5.602690139215235 
0.11949888355232188 0.18917346744896107 5.693349442357135 
0.7969481482591739 0.7858915777962443 3.251591072393531 
0.7421466253054725 0.7472283102447321 4.248548778988668 
0.05954428943782181 0.15278938099414804 5.98991301016897 
0.28282159428218756 0.7615549115982866 4.643055382106355 
0.8908080724765087 0.6913117592371862 3.7493865310436694 
0.6776121071001837 0.6981509324174285 4.8830286339804525 
0.15416446349450352 0.07019480590648727 6.059075261102749 
0.23759344520305975 0.07493862836689469 5.748527973446675 
0.7632507534516763 0.8467547122841242 3.3049350224903007 
0.003790173159515825 0.17518780577588378 6.0569638703441 
0.7904674327164724 0.823046047543126 3.4029521954046014 
0.8561243857518233 0.7732632201903664 3.0609651430907867 
0.1357308338394575 0.8665254963273822 4.449073491028642 
0.18143481965131103 0.1650367671704746 5.7717129431701295 
0.30349749647068697 0.8665254963273822 4.359966919147918 
0.6898573011530672 0.8709649516389458 3.9398174795245406 
0.007161873089323367 0.828247573391958 4.937805756496574 
0.7445290490601053 0.15984142193912373 5.404684283095163 
0.03006886136826331 0.12150738198535826 6.0697519852080415 
0.8209450728574471 0.7009828409466898 3.7971766510905622 
0.16662560488364905 0.0003240590683126071 5.969019747441513 
0.6150682570497426 0.8741556123397121 4.319971798674298 
0.8446336151113125 0.6585321431546509 4.215286233360633 
0.8052533670708043 0.7629516118878675 3.493704440463681 
0.11954245211335321 0.14900734525425896 5.813510085229324 
0.17512376274273633 0.26653847159064936 5.674677826893083 
0.7277234644032861 0.7258196518817727 4.56209996277089 
0.8075260826638213 0.823046047543126 2.999194663154722 
0.841635788920856 0.6639088831940726 4.025167315115435 
0.2657815895415235 0.7937862823800242 4.822708306311709 
2.4410387257342816e-08 0.8553123767341131 4.9733021421322245 
0.7337370406872147 0.8864072246213164 3.434659499233237 
0.3032023889872867 0.7343143896669796 4.859028974282514 
0.7570245947473236 0.7431509566107488 4.0818362689874865 
0.700178230433262 0.7918707166159548 4.186830796559041 
0.07290093847845214 0.0 6.186371083851694 
0.8536916715587322 0.6969062483990143 3.892515543031261 
0.8372831318482453 0.765538539751524 3.223803223273589 
0.01766550432209163 0.694883234413458 5.9438941229975 
0.07385329097785392 0.6925702953222501 5.437328982246428 
0.7774535141451848 0.25582336980134 4.835661087429164 
0.10107352590844387 0.07260695122403776 6.0870539659699565 
0.8275468579008118 0.6639088831940726 4.2793698280124 
0.7040533057810651 0.19442596058549633 5.30735629479677 
