-15.983492523501276 -7.6750959312635025 
-16.01505766491784 -7.618902466731977 
-16.201113302904858 -7.114501463640389 
-15.562486501311609 -7.979279197914134 
-18.900649134654063 -0.3234688649719547 
-15.321003792991135 -8.849534668258805 
-18.094172610731924 -3.569401511720383 
-16.900374309288235 -4.169564061523127 
-18.954444151587875 -0.20032986535115366 
-19.990509089315868 0.016972733995171244 
-15.149621548561608 -9.58306553826035 
-18.220640512472954 -3.0425899999746053 
-15.25073355494943 -9.153651793576707 
-18.20382775448506 -3.113300436387638 
-15.205263082281324 -9.345756207195398 
-16.683667679709046 -4.932169408300485 
-15.950362527101541 -7.710414120841087 
-18.36014053980786 -2.34699922581142 
-16.52035292578703 -5.73086024230253 
-16.070444128984356 -7.507591494007163 
-15.352897275042917 -8.732958604677284 
-18.019142298314826 -3.782376136701633 
-18.503875957591667 -1.6654510432736487 
-18.279661360632915 -2.759028718247489 
-14.745416955465682 -11.124536104902573 
-14.843160675594074 -10.810944719870074 
-18.159138530979327 -3.318252420837049 
-18.82223008426658 -0.5202493002923009 
-15.105810029113263 -9.769859209930003 
-18.065586803987024 -3.662904961947852 
-14.876619092788534 -10.690487845018627 
-16.61136036469035 -5.285301411891276 
-18.580415992905433 -1.3495436047969023 
-18.701901467402266 -0.8708604781187419 
-17.95994090828961 -3.8645436212778717 
-16.47710543195462 -5.938147439718932 
-16.92257729010851 -4.113397153702384 
-16.267041662555314 -6.843424967757835 
-16.648261910668612 -5.102992695236869 
-18.399399917308934 -2.1698207708714774 
-15.16248381833541 -9.523893095984539 
-14.951263498008759 -10.409064421448655 
-14.554660658406556 -11.54085257846499 
-15.906223266177518 -7.742690129771054 
-18.66886742873517 -0.9591499146573756 
-14.918748504468951 -10.49324708491337 
-18.73622540959328 -0.7763922773764482 
-14.697644122562556 -11.236805123243357 
-16.141058871545745 -7.30251775339418 
-14.966701168224386 -10.33801445965822 
-18.868994076988734 -0.3983055810603159 
-15.385720282746366 -8.599628868034186 
-18.798244402588153 -0.5860634375321202 
-16.721539800331946 -4.741867050600909 
-14.788611071043185 -10.974846856702833 
-15.285820749116734 -8.989571044431617 
-16.34659532948379 -6.521503118258998 
-14.449914792410418 -11.624655081152564 
-17.99349091012949 -3.8236232964644032 
-15.434951401276322 -8.413678743968653 
-16.451095291167526 -6.057559001970724 
-16.322322667993866 -6.639697106342805 
-18.621772998007454 -1.1831008889835202 
-18.526080582481445 -1.580757270282922 
-14.468767006565919 -11.613868567042315 
-16.497697482949462 -5.840566184724173 
-14.579168405832515 -11.500789035023548 
-16.040312074691183 -7.5740486295797815 
-18.63804226226212 -1.121457273292194 
-16.772768821221817 -4.5626936141222165 
-14.66497471681894 -11.324685196023669 
-16.983227710702316 -3.981968557720348 
-15.483103942154319 -8.233124742079807 
-14.769143820789285 -11.054703477117052 
-15.520570682606461 -8.113992392285168 
-16.86094800050304 -4.27597315159105 
-15.588479677820976 -7.893153585872663 
-14.620917430860132 -11.428656341773154 
-16.09674262637584 -7.4408412900878105 
-18.46308221496222 -1.8663108693727866 
-16.405016102025282 -6.272601415104964 
-16.95369470764173 -4.03308689440685 
-18.987707259175146 -0.13862708069246343 
-15.0092629003051 -10.160525158826365 
-18.111837769799187 -3.5068153039892462 
-15.076264817282873 -9.89244623466001 
-15.061644667868007 -9.950512672722144 
-16.238948257333142 -6.972500138945889 
-16.36887859674753 -6.438425016134337 
-16.798506430967734 -4.466238634248829 
-15.23096758039063 -9.219659655674965 
-18.2608637751064 -2.850632845126623 
-16.16644086171231 -7.167801180165307 
-16.571312412738976 -5.470454051455027 
-16.809639414597193 -4.4335991881651395 
-19.03061470413465 -0.07060983909460017 
