0.4527819229090909 45.35551806805867 
0.4355584178316122 45.444324096854345 
0.8311138731367206 43.761413093503975 
1.205120500372884 42.548529760787204 
1.5803440382619844 41.50671201975314 
1.951780329753763 40.623544735571585 
2.3154166011159902 39.84321072248386 
2.6950108701591096 39.06767979749062 
3.0357092658901896 38.45865950193979 
3.3778775726585173 37.848979920882215 
3.7396570440198986 37.273683252750615 
4.0791737623548485 36.746016301202 
4.4418080251062975 36.21646966707878 
4.789689382210198 35.72505961676991 
5.149328879350753 35.24284958542989 
5.51245275634152 34.790656435695894 
5.859567960919726 34.34888568821404 
6.207285162901275 33.935694998155384 
6.5680020765145635 33.52407484769873 
6.919060595181188 33.143265550588744 
7.27797078811517 32.74784053897572 
7.639617771698019 32.36984870134132 
8.003547072892015 32.02996026758826 
8.37465525447833 31.639917251496627 
8.739043715744142 31.28722061881733 
9.098295540301677 30.95208365212768 
9.486856366605394 30.608917363432866 
9.864266611352653 30.302458348338437 
10.230078313790605 29.95637680856814 
10.62387590952941 29.615203723360644 
11.00009611055387 29.298965592337815 
11.396611938528444 28.97905999542135 
11.778990715683346 28.676754195772205 
12.185188737827316 28.365982191446797 
12.585852722106853 28.062194533060875 
12.994323145998667 27.76214779868463 
13.40813505665381 27.467274081236916 
13.823702030283037 27.166595979359585 
14.243581801776642 26.874634431456712 
14.681859732937241 26.587463004523492 
15.113089270260135 26.298976557902236 
15.553104416515708 26.005716146077447 
16.007939026180296 25.72432110047466 
16.45045054348533 25.443207521970926 
16.929081494110513 25.156238821049598 
17.39212641643465 24.86632527172818 
17.86722585433403 24.580383157836746 
18.348503668985458 24.298593793277472 
18.840700037564655 24.01909284496834 
19.348491689523172 23.743490717504038 
19.854872814378798 23.458551513527578 
20.37237990558091 23.17735226032204 
20.89717963759375 22.902562581071397 
21.45204350377966 22.612968592527267 
22.02749670498892 22.35267123782483 
22.56564783172374 22.0514971824281 
23.13845955133787 21.772679969632087 
23.75160395679905 21.50205561277746 
24.350963717200678 21.19869114450673 
24.938578904291205 20.924706883467813 
25.604644662461027 20.658572986347966 
26.258878834631822 20.3403212675369 
26.899543106532967 20.051091979135443 
27.58125459388453 19.761611436920568 
28.315340990559754 19.506250737388644 
28.981705624339995 19.179717356481095 
29.73725593057692 18.875449599444913 
30.52647929862708 18.576870138980336 
31.307698699692047 18.267336185456763 
32.10865895759167 17.959524283912106 
32.953428372375036 17.64684923785837 
33.81941206974858 17.341008248677525 
34.71371419495978 17.016941192438036 
35.632057136780176 16.7004148265762 
36.607488977405986 16.369207648848743 
37.6199621911573 16.041151255726568 
38.66933979697467 15.702801255300377 
39.73315291784864 15.368060133638334 
40.89724925548195 15.010405730103555 
42.069249955273705 14.654145920139523 
43.29830968219022 14.29622116875722 
44.6395359987597 13.91689925489578 
46.00169055322556 13.542809400508428 
47.467699733808445 13.151980788133038 
49.03620646492922 12.755871653107357 
50.67540848549875 12.35218723952908 
52.413340761208076 11.923168119510024 
54.33005636508685 11.485395449591225 
56.249231130889925 11.034072807264208 
58.40181847293945 10.564160649456554 
60.77168592707769 10.082246711948777 
63.30352728003295 9.568698467056748 
66.0974352571562 9.037962031984728 
69.1139286073024 8.494302563182224 
72.75063535385254 7.876507691627527 
73.77633428814627 7.712855851627204 
71.6766518772549 8.054068354699366 
67.69269909360293 8.74556239702047 
64.91778613065134 9.256923318780274 
61.79206327849474 9.863866758634632 
