7.910397140195504e-20 49.9999999982116 
135.9999996684126 4.000000000043455 
112.18653075729881 4.407281795240446 
32.25732020505405 17.909866820251686 
72.2948961038839 7.953469657032283 
68.91462013198168 8.542624367795986 
1.046906605015261 43.198776936729146 
4.720389432511772 35.83160783001101 
7.51017910921745 32.52915667638365 
8.707334546323665 31.408012278667954 
30.045549679331323 18.813220721830007 
48.39024131413014 12.90910240114594 
1.5025426611939112 41.9542648418147 
4.288191634347681 37.398443507815216 
59.44488288475445 10.418813490368283 
132.54586139559237 4.014403852519413 
21.150717830970954 22.857160786437255 
74.57784086032603 7.5917136774686 
42.7128363740175 14.581896512192234 
34.04623017355584 17.253010911719848 
56.32453583763596 11.095706830900879 
24.07147998698056 21.410421543963334 
29.11855835012613 19.225666873328574 
18.693768388234233 24.845708727451267 
12.571158768201776 28.16843078227589 
19.032959872022495 23.995733958897752 
9.304783759513123 30.756792200073527 
44.88340748707785 13.855599620303666 
27.578221837146486 19.899154734631885 
116.57561832982066 4.261943241330355 
101.8229795419386 4.923303366234273 
96.81183127296765 5.274994104552137 
15.693153367464403 25.923311863446298 
67.17133317075499 8.902965096060207 
14.71324837195013 26.55556532150011 
47.32453008389824 13.446532463189651 
94.7073297967406 5.366478380640507 
65.60315194835289 9.12814508882026 
129.5357649255527 4.043262434169522 
26.54011831771502 20.208256384201228 
90.25402378911099 5.7348407321203325 
0.7060097086692603 44.25075355861186 
0.584868244111545 45.246665639010104 
5.249038739038757 35.12502313889378 
104.96140521847748 4.723437837417444 
22.83205427801429 22.035187501121968 
2.044864199791454 40.41923200327924 
88.50768995605961 5.899422879799332 
6.119005298177844 34.04280544140855 
108.41837689880141 4.555100433691508 
10.147550386494046 30.018067792672277 
78.53015173130183 7.0388075327098605 
108.41837689709513 4.5551004339758885 
82.18982984125614 6.6264671843706875 
16.92285055397523 25.177576569437296 
0.5227013070196342 46.14921129010686 
120.12968239686316 4.171303523309613 
3.543484095998596 37.584540896904514 
53.18343098660953 11.980990601890527 
104.60710184233669 4.7829353597473645 
87.12360105621485 6.136169661598726 
80.19499560208666 6.861223500055973 
76.53196634898751 7.341166799525757 
13.542253503728341 27.388060318814848 
35.24393905991295 16.888336121196335 
135.5755262566787 4.000112860944223 
63.95194594038929 9.440692698240923 
20.261600692280744 23.49357831218851 
16.48188360015199 25.433329913146554 
127.85203790102221 4.043275409920472 
123.53550549555283 4.110019416807632 
1.700778799942391 41.21162259324717 
99.82851347060095 5.010754009007355 
12.346995406498163 28.868239480790372 
117.16698650340095 4.245385371058747 
38.95434658628395 15.607067221967785 
41.65651953451993 14.801613599314294 
6.477626685070998 33.880642213427066 
0.6555658778509692 44.65790093194063 
0.4167806832580662 46.46922340883154 
92.68575860702276 5.52646720655022 
85.0332059722459 6.2577952193906645 
25.375354175190708 20.769640593983603 
2.834825877111341 38.95342133967208 
92.24205752504068 5.569252073957783 
0.2577100972253016 47.09632534488956 
120.95362858469002 4.1532608423940784 
37.72181224275748 16.099935562674208 
55.46925310067813 11.285554361923822 
50.69808865966341 12.333169882196835 
77.28051340316755 7.254612294274601 
11.117248163155224 29.21578389985584 
40.873927637986 15.023672128236553 
13.998147058336214 27.049173475283453 
63.4423019280355 9.571542687363726 
20.380563547496212 23.28142516939735 
23.091368953330647 21.93568021740062 
