3.7549402338246114e-33 6.132282771553312e-17 1.0014777772371342 
1.001800311950738 0.0 0.0 
6.15563719278679e-17 0.0 1.005291843668327 
3.060713036536302e-17 5.647693603076186e-17 1.0490759955791193 
0.21560403078382293 1.2678013891983761 2.0289330584818973e-14 
0.2295951845456503 0.40854863142333014 0.9431751716019223 
0.24692833861779176 0.439391771223656 0.9135623358796775 
0.11210561617290557 0.7752575660956017 0.665610444278412 
0.32577441915862904 0.016160486344532488 0.9573172656701251 
0.21838227379371666 1.171825994108195 5.18587222368991e-14 
0.6685049826945558 0.25066237420649634 0.794016238886926 
0.9894083464713445 0.15087110782253182 0.09503905246003717 
0.07119748638834243 0.9874223834365005 0.24354985132489576 
0.0018448977931522148 1.1190002452433285 5.473237943822523e-14 
0.559294520949854 0.7547906816339248 0.5245790177795353 
0.3675365099539703 0.7010863067882883 0.68072265020697 
0.20478331759270038 0.6797661071215981 0.7362141690251383 
5.218217209248346e-09 1.0834672346521714 0.14005739826325087 
0.9607996194424522 0.040166033264470255 0.3460797707322871 
0.8152576877166263 0.6585137623212618 0.16078206511789364 
0.3416459418161905 0.5221388106973289 0.8466043707696179 
0.6295929154669636 0.816834845546245 0.2819947210332106 
0.829062385941406 0.1581577064318771 0.6126620480649809 
0.9078126261972043 0.3404927147984125 0.3524185038221868 
0.33317126162785676 0.30511693737376216 0.9240685900653037 
0.9536304824998463 0.31824724692439527 0.17578029532028341 
0.5704854242888174 0.20931349216954645 0.8601837973504105 
0.4946538971237661 0.886189701081953 0.2553649034233688 
0.6909405828948076 0.22907963909354634 0.7577760134266732 
0.29870078834393643 0.9557446239159513 0.43572164158418436 
0.6855048970253501 0.3437224238559383 0.7720715343480108 
0.45044818454217933 0.870083961610099 0.3200681466953581 
0.016441254651383602 1.2382325562672514 2.8175711803306427e-14 
0.7261268464231219 0.05216348294060874 0.7277601116197675 
0.3914747039628762 0.8055884227381933 0.5743555626819308 
0.7603801039650652 0.4989739661407192 0.4867152178657791 
0.8465250214236808 0.5321797350107398 0.3872702474422079 
0.5794488982146708 0.3899984146471001 0.8065076970780526 
0.05857505021192149 0.914746940199774 0.532653260840834 
0.9799291468598188 0.0559992579396429 0.23010266291206546 
0.03985710113117595 1.0018592008417933 0.29036839196100095 
0.6027799363286115 0.716372869278945 0.42218691819649107 
0.3776893518840919 0.9262507420413814 0.24158030293464566 
2.7133131678245252e-08 1.1996632232708087 4.403273922013928e-14 
0.6782795600256335 0.617252469426977 0.5121100097564074 
0.8500797056728944 0.12962541441026326 0.550314296453433 
0.6122435767175413 0.79432578597844 0.29747562924960425 
0.2869146430652032 0.9628470106050171 0.21044931656154134 
0.1845932724394614 0.5956374763803572 0.8240931247006228 
0.5146451066236182 0.005216613770306647 0.9394058552675513 
0.02545675786488177 0.9574598056446201 0.46633842501439843 
0.7881590209849654 0.068258275614131 0.6531103501799368 
0.893268516946467 0.1714684782382101 0.4879717465658987 
0.7049277519784715 0.7538819747408644 0.07252739371571357 
0.39797041667858973 0.36445974994674823 0.8950247229481623 
0.7814794920337327 0.1219522713768679 0.6529687867620585 
0.4389288910449296 0.9454566776409032 0.028477449662641714 
0.8743383780684931 0.23278734630072676 0.48236898159320946 
0.25885407795056875 1.0151133903415228 0.1400949228028804 
0.8010384051696295 0.18367704390343462 0.6210031216872989 
0.7448265240927949 0.7155032265243644 0.030492671043151034 
0.42069745083501836 0.4536474231041683 0.8301109459657295 
0.15622604196878745 0.7075217518685476 0.8200255293869958 
0.004200646387612221 0.8249084148023357 0.6233395591985603 
0.6413248719342495 0.8275282635387329 0.16062206106441482 
0.5352188784846038 0.8183549338507652 0.3142499604166601 
0.5788412443097957 0.5315791140754771 0.7015756777119665 
0.03765449623711954 0.4708821331461523 0.994235745179492 
0.17166822469958803 0.4921847885005312 0.9360198334394049 
0.6515063094372331 0.7371410202294433 0.4089154114414123 
0.14179612968622043 0.5470599820474361 0.8520333566257943 
0.27447482030023246 0.19532925442141044 0.9884785253011505 
0.4678363429990773 0.8997096673468585 0.255158257972415 
0.9058677295037584 0.5359202053435118 0.11452615297389215 
5.682519417642652e-17 2.9039275643673725e-17 1.0421816218897926 
0.47814866711626874 0.8355649992640871 0.40820037027216927 
0.0012796273927942947 0.8520810363776077 0.5881834657404661 
0.7752391362013782 0.08249041021473828 0.6636272036625335 
0.41003364424415983 0.09045484506616941 0.9343807882584249 
3.277203689490849e-08 1.0525947955841963 0.02141758641172189 
0.9131256411867554 0.0 0.4450433856695612 
0.44972589822451764 0.2827264443312951 0.8741535860208551 
0.47209461098653815 0.03250403437965345 0.9005992763546448 
0.5252157494058112 0.48233211698751116 0.7483754618979371 
0.4649799267645973 0.10257618569788743 0.8999175986817768 
0.06310909061523534 0.5565311032568532 0.978079475802282 
0.8616314223439818 0.08332895106283586 0.5870829320627556 
0.13162375772499113 0.5795901727880851 0.869719175419822 
0.49198223303743377 0.6087959373099922 0.6731157329316478 
0.8053621368989019 0.7329009999432203 0.0124915606863789 
0.9757927707157203 0.2602093255747832 0.2835274186507387 
0.2911456517068433 0.9770457073983397 0.20149420442214316 
0.6062869908917757 0.8685667301570997 0.19051856710974271 
0.4292949010761467 0.7532626602910216 0.5559741610236933 
0.26671228384622464 0.1974766504946431 0.9826646105970283 
0.19866778041750202 1.02002785876571 0.0025582317550184677 
0.008310129057259016 1.0614307920399206 0.00020937823374321394 
0.3683688733264997 0.8621055551394098 0.4773459936092262 
0.710172485364018 0.7101999104334059 0.10599733753354895 
