0.007625902320631448 0.5157861618700579 0.8698951396883974 
0.6863733463365158 0.7284526327493507 0.0014887957224189862 
0.9242255130066143 0.38550279900217915 0.004003595121121628 
0.009323183208546791 0.5697638827116497 0.8371337291854603 
0.7202665758323434 0.00011196219905865069 0.6967589790413011 
1.0010104156035387 0.000871806290236617 0.0030088410322431603 
3.780947491713194e-05 0.9400294623291526 0.34978151260981927 
0.6366034222525454 0.00011358165577976932 0.7738550105382056 
0.00023111396922714426 0.00010475105607639276 1.0013597858014327 
0.00019748525552787727 0.8394863985419105 0.6081767272350876 
0.017846178989834812 0.6297400907860825 0.8084925401372595 
0.7479889399783514 0.666074644251352 0.0014898292166611357 
6.193786250493215e-05 1.0016815999735236 0.001009566835859763 
0.00030762678111989644 0.7742598775966976 0.6793262007162326 
0.01784919348791235 0.23997252549635573 0.9744067550474332 
0.13844669698549517 0.7526703196089455 0.6830525754224538 
0.11798847777617988 0.6698999535458331 0.7626698601313258 
0.015766480035061117 0.7707844975329295 0.6663820590277479 
0.00023413420601460814 9.791647936646539e-05 1.0015153969012023 
0.4712038053354138 7.324651180598104e-05 0.8836550322983783 
0.5397831674754215 0.8432672486439586 9.550638177618706e-05 
4.6842197423288265e-06 0.9049789178371584 0.4292303299619235 
0.40833536925750474 0.7987446506066715 0.44902581149860643 
0.8907124791328923 0.4591507016708417 0.0005309213892602487 
0.3764761316328587 0.6530054532406943 0.6707249870692575 
0.36370175441298347 5.938257033182754e-05 0.9329149149033071 
0.5791551486438563 0.8173437236284649 9.555428790093869e-05 
0.42484325137369283 0.9066360620276137 0.0010091213548352898 
0.34566279406840883 0.9445586121826458 0.0015076977108130708 
5.035480919423838e-06 0.9728416521690046 0.2405754598575402 
0.9753920988673899 0.23124930559584791 0.0038026928337997787 
0.13829804316654076 0.6439907780184837 0.7776381102646877 
0.0022179122988353725 0.6462769096226544 0.7951042553362276 
1.926803716907224e-06 0.38037286693244055 0.933192231642795 
0.6506843142642112 0.37298097950509845 0.6673842877414778 
0.581245059373945 9.035192972029701e-05 0.8149859254250824 
0.899690357618749 4.4031959201202853e-05 0.4407541052830699 
0.37031026879463336 0.3297565877874433 0.871071423633071 
1.002479556153464 0.0002554566817007394 0.0001813511440081806 
0.9511122549462226 0.0036337425646198536 0.3303922943857872 
0.7661685177295119 1.7219860445781593e-05 0.6449379786795526 
0.8208912479286861 4.928494954347421e-05 0.5748025329234708 
0.6706426103129894 0.00010424837685450775 0.7451787656018798 
0.0014667007948283306 0.712578833415908 0.7404033430170137 
0.5359596507247889 0.7165104090051085 0.4557266885047363 
0.002510876669185938 0.6936228047485284 0.7777124236250188 
0.018047171550697065 0.88228190595877 0.5519683152715061 
0.5596676095219365 0.2863565472981007 0.7827897842743712 
0.6482454487979119 0.7640039114638597 9.557583887790967e-05 
0.8543000851623619 1.7361128295133308e-06 0.5262524624692826 
0.8328865675584523 0.5565042632568471 0.0017060033124127359 
0.32615345428130754 0.8869112774132772 0.35230135548894936 
0.7882645721206828 0.6203993398222399 0.0033039642192050907 
0.6513132620346141 0.6299214941619654 0.4353432896937292 
0.805172734306889 0.597307738050599 0.0018121539641560848 
0.5436596241715349 6.635992865017783e-05 0.841264463920709 
0.0016597068343970035 0.6424927473971334 0.8276691802872841 
0.7998466848883626 0.3834331402178398 0.4732623074181568 
0.7461606755978757 0.41768663266719275 0.5381379736776026 
0.6326195443477726 0.6319877067211831 0.4613985027463697 
0.4996931728174052 0.7972695705950908 0.35135405643608314 
0.48368653057763955 0.877065354940895 9.554118650112227e-05 
0.28646041302687186 4.677116735746308e-05 0.9626243218441516 
0.4550712986458376 0.4063735628858905 0.7996478920912887 
0.06006528588645508 0.6212749962092448 0.8205936859463673 
0.7495117727506933 0.4771854239994651 0.47417635919889767 
0.35644965797016326 0.9370592437743253 2.5974364665623137e-05 
0.40099698547608864 0.015416561133194426 0.9211355214216252 
0.025451751372358087 0.35821409641488045 0.9361432759731168 
0.9060322075713667 0.016541306750784447 0.4298015152469356 
0.9687354647102587 7.050070975343658e-05 0.27184038193978455 
0.9206290201132038 0.39837521496433714 0.004010486846681683 
0.04012810157286186 0.7601527684372312 0.6735241063314822 
