0.0 0.0 6.673886259508286 
0.769357534326033 0.849744279606757 3.025399584610451 
0.7279724787918223 0.8407784798058756 3.304666111836288 
0.009532210522031015 0.8252290776821319 4.653344909571559 
0.04086723164256778 0.2830169654603916 6.001143449477465 
0.18935939082023304 0.8678631877332279 4.040764611311776 
0.09569499235194287 0.8504680076165041 4.299305064409186 
0.12304018550226523 0.8207550981486289 4.540871045527113 
0.15498244433240854 0.6051115115702845 5.878304659339428 
0.7690994207031284 0.8719956883297577 3.006392602115921 
0.7562431572576602 0.8545964259878059 3.103384372403983 
0.7088410131781049 0.84859784697611 3.450108289798911 
0.2552843354320926 0.023742258710295783 6.1122415662809155 
0.7370153104989146 0.8473978585720918 3.213220895338343 
0.7846953565065062 0.8422800590822609 2.923215343400324 
0.7224288612579912 0.8962368072116838 3.345862776378468 
0.7414493079278707 0.8755688400393231 3.183657603985019 
0.3153861829754661 0.8255284002017581 4.333057293889672 
0.7055788312796987 0.8730985227586578 3.4561314550068625 
0.5962919504811361 0.1426638330691543 6.0160971715873055 
0.7619274259213181 0.8706985459506215 3.0520690500765006 
0.6362120588062034 0.628638063789904 5.520070984268952 
0.672316586791036 0.8631946278061082 3.7306671693895006 
0.7940379333247645 0.8654353371398038 2.8604247434341614 
0.7136079858466396 0.8700068483897644 3.4142541660442567 
0.7766396047498336 0.8755688400393231 2.961964016404294 
0.7879895825255114 0.8623026482717424 2.89310172535775 
0.7249233879001579 0.8956921862670466 3.3599653036421273 
0.6673470802436343 0.788846192264615 4.267684982950561 
0.7135805385410513 0.6943470656995109 4.422353879154116 
0.7693399661877094 0.6864628977047124 4.2323906187510945 
0.7750734615580193 0.11361597715489777 4.796728682736851 
0.8082258456214135 0.8634323475950804 2.81204562833958 
0.8086464324170197 0.2008561408608996 4.350584630437952 
0.795721884504477 0.708771287256533 3.5883271641216776 
0.8572479788698282 0.15507636610117476 4.193610640183376 
0.769467976656764 0.8308435586755613 3.1455827053282697 
0.8487801653863467 0.21019703752933033 4.03832639395005 
0.9089598847515648 0.7056873900352183 3.5711843485994774 
0.8544948930387801 0.2417237609224608 4.0315779477033 
0.8815368803476451 0.6794705475763241 3.641051066985326 
0.8483467919662265 0.7069341903332007 3.397712804627756 
0.8901581499503275 0.8379710317020167 2.7613829580327516 
0.8673709143833319 0.7146114428731155 3.360318184363767 
0.8373448048332077 0.2486199349110359 4.03254622258303 
0.850947441469792 0.7348265999451274 3.208570456271576 
0.8822550541786236 0.7700363996055526 3.008543558391852 
0.8858497961330641 0.7432100791586894 3.1720987826480394 
0.8532106729604445 0.738982155831171 3.1770916795360615 
0.8537501338762263 0.7756823360682554 2.9556427990650294 
0.8687068700309613 0.7566682406736763 3.082021454771476 
0.8449327571201547 0.7504124053758194 3.116079040391107 
0.8579636845466156 0.813225769050096 2.7901133610200084 
0.8532686903822533 0.7514155649423471 3.08650270680827 
0.8511314958939965 0.7596210507260048 3.0446464890152796 
0.843751057555371 0.7864062590599801 2.8884735405822175 
0.851910838348526 0.7874632398918597 2.8821594308246525 
0.8274314959690612 0.7842922973962209 2.9200331433616062 
