92.07161838633654 5.580327914883271 
68.97293832706166 8.5285659400169 
4.5654389938838145e-17 49.999999953985935 
117.60748301289934 4.23475552567367 
107.85913263401963 4.579996686517442 
63.59763676197147 9.542156228306244 
114.85121282241931 4.3137016599131455 
113.07053911531098 4.372739175849318 
127.38667988832111 4.063178281031476 
76.65922984238907 7.32128684168234 
4.596477584391899 35.99415134715651 
89.84232576502774 5.772790460848837 
20.505708110213135 23.106406796522702 
82.44095149239737 6.536970315490498 
12.974019314472903 27.990353085145266 
3.703355516592346 37.526585472975825 
21.975953188134927 22.385150905886718 
53.46364350610018 11.747289265684294 
119.58631136304088 4.185347705462242 
125.4713671317599 4.073420901249509 
99.71111136837578 5.018434919662921 
66.93610135052224 8.923443109339495 
65.41709524302448 9.165266575351222 
88.21742734927079 6.018458629219256 
45.44938041508293 13.691941473056382 
123.92529023814373 4.097080125210434 
54.96190469076718 11.334640198891318 
56.43479884462351 11.246920906276012 
30.201431775575003 18.7060189273424 
135.9995799169248 4.000000000661634 
105.92007761584028 4.670912437813108 
104.45809050304058 4.748965344543814 
9.462494127539248 30.652509250332034 
8.155068972427173 31.879011538234113 
111.16618969305765 4.451858431105604 
109.72470696923332 4.4996355010152 
51.52106929680694 12.126119119779649 
50.12947312946595 12.478838288500555 
1.577191186250515 41.65750556665182 
70.9588053398198 8.18327957685547 
72.36810038057497 7.969872774117489 
16.49439742899936 25.40855449887558 
131.71180501190565 4.011746960310717 
86.68350722400015 6.074707967333903 
98.1742449267525 5.118238499713667 
96.78078443369913 5.214206304747965 
2.285432764499456 40.13803389294362 
2.8380394721871696 38.85766029229551 
134.53505428250824 4.0013591105936115 
133.14131912611822 4.007632096125906 
14.348591055313431 27.154254510775683 
15.300982661341457 26.16598852573 
101.50318274242673 4.90877792012947 
102.84801985315367 4.831721997925534 
28.675418926944438 19.30743975179873 
11.598137451032407 28.872906301034792 
10.546051517004333 29.695295831766863 
26.2255581614614 20.36679690099593 
27.436613150075814 19.821506481875844 
41.62984088420062 14.807510420508294 
57.83618513293662 10.752401333419975 
121.13642881374011 4.150443081510949 
122.43774859422547 4.123499198461607 
47.41945865749142 13.162365732543222 
48.659862869738404 12.84518751899262 
40.08268271961344 15.565318135371555 
38.813749392448486 15.651605415997377 
61.418112941099196 9.982329951276748 
0.7329133867697503 44.2167461737309 
1.0582770291348038 42.995739940103014 
35.331196586127135 16.83033676243734 
31.580818462450267 18.205245548896713 
80.83622163177117 6.790651897609615 
129.06655310968011 4.036354482234594 
130.3023810450467 4.0208922118826536 
75.0219280879993 7.577344025668212 
73.8240524916615 7.705383800111605 
5.624996540165428 34.70876653896833 
0.13545750997058192 48.021599926572584 
24.571619114075705 21.466197458758927 
23.445549930145255 21.834650257028734 
44.01936328866813 14.102903498636355 
42.88157908623177 14.418728036345346 
94.12773949056566 5.412545412384479 
95.28423376963843 5.3229440755000725 
37.61346073096142 16.055577782387886 
36.52743448239816 16.452987204565353 
7.143858390458862 32.91065227345608 
6.4090431597737245 33.7949694698288 
84.1848241001107 6.341730591547346 
85.28911426727329 6.219185764681086 
78.50630460490831 7.077954354066787 
79.60007095010911 6.885281078384336 
59.097825603077894 10.415949206260864 
60.172017333321925 10.20198750547236 
33.75335911106575 17.359562958207597 
32.74557897317845 17.773464004248794 
18.743952393629428 24.076147247897175 
17.823749319275734 24.604425162285562 
0.4937998786721288 45.830776061659975 
