-18.95444205164502 0.46719375176645317 
-16.331964275954668 -5.276398985097069 
-14.840178936503765 -8.158972841208644 
-18.698553578249076 0.3442528230849784 
-16.65617768348259 -3.9632380593397336 
-16.391664519854913 -4.71976586946695 
-16.707603907573905 -3.945961239856835 
-15.504283101523983 -7.144340821981931 
-13.300918939519832 -9.009700561186357 
-13.112162376074835 -10.090240145004543 
-18.57546312323648 -0.6679846389564703 
-17.894849502435022 -2.492351577368818 
-16.132935890452455 -6.50334856230775 
-15.347288014071017 -7.595754601882829 
-17.77333597042803 -3.6175347226612677 
-19.246799807756233 0.6202410294117575 
-16.798818917205267 -3.7046125788389914 
