0.0 0.658078856985507 6.096223323534007 
0.6842453649060622 0.0005997183837260639 5.837236684028737 
0.2953992902675914 0.1353274282645974 5.470962690378777 
0.706064332344546 0.6779246897205516 4.721317429323912 
0.6232882231888626 0.8263439888580569 4.427542780450052 
0.9159156478302023 0.7758317032892678 3.1777648911422385 
0.20938677579676335 0.6939625489478675 5.246852004500982 
0.7246124268442194 0.2909910626138331 4.70143607005512 
1.928785549626215e-06 0.8597053664528596 4.569169931990142 
0.8560176120008562 0.279605112505099 4.067139896866849 
0.9038364496065651 0.773424859741955 3.521319745757985 
0.7339222413016333 0.8263439888580569 3.5157252640733985 
0.08288878146155343 0.2812953014604302 5.7685600223469145 
0.048382573179948825 0.7671172994254846 4.723757181027125 
0.6519604591935326 0.7924480120686671 4.162425111104867 
0.7953859496879718 0.7958402324990587 3.341945982929722 
0.854405931025687 9.229554343015423e-10 5.132055668229018 
0.76823709089035 0.10555008021770301 4.6547627557182185 
0.8354005938001768 9.229554343015423e-10 5.302748285466539 
9.899690719276705e-09 0.1258561728134555 6.097671213674693 
0.0 0.23297898950165033 6.516837124709998 
0.052861571279985614 0.8586046467511212 4.391253649722153 
0.7147607457566522 0.7938261132976685 3.831682454862676 
0.04939487321678921 0.1353274282645974 5.863821838148776 
0.048675733129461024 0.7219942137885911 4.923852182722191 
9.899690719276705e-09 0.86271553368362 4.863914680565833 
0.26951329493938225 0.7005334882518349 5.0216738302304575 
0.8560176120008562 0.8293631267537349 2.7598367268532686 
1.928785549626215e-06 0.8565290122028729 5.050386034816478 
0.017661642623941876 0.7768543547647512 5.186360720831454 
0.09548733346277591 0.8420788940796211 4.234846372835487 
0.7538116842762438 0.2784293425632827 4.5160741692518895 
0.8887663144049556 0.0010583430720359915 4.7596206852433935 
0.8854218655493669 0.0024683176687447655 4.601948210735492 
0.706064332344546 0.09346529114279642 5.342228181051927 
0.0 0.2374662698563227 6.232320052876556 
0.8537494984625132 0.8293631267537349 2.920109333318129 
0.12768881353953068 0.23966780906208862 5.468153880112333 
0.0 0.68414293160834 5.836940363801168 
0.09548733346277591 0.6559885250911103 5.723873145228183 
0.8951023875589379 0.6684842242681268 3.993096602383981 
0.7485003093588384 0.8650929478278083 3.1914577413049674 
0.7725430131320618 0.8701332867398545 3.0441724931043934 
0.6388403856215735 0.7183519136136844 4.954114538218417 
0.0 0.038762147924697954 7.099127886431185 
0.6649429288548012 0.3050503211162884 5.20517490220327 
0.26717671795592346 0.0001423749133944354 6.014856670101591 
0.29529840603651614 0.002874691937191573 5.870093562166542 
9.58818445404968e-09 0.084334949646035 6.404291942258735 
9.899690719276705e-09 0.08606023468141255 6.259392743712443 
0.15468350831022104 0.6593728831944219 5.427836629714821 
0.1456301483386664 1.7475648130021432e-07 6.296872329986897 
0.8990267255934041 0.7636413255046943 3.7157294522454243 
0.8474254530642853 0.7005334882518349 3.834756375133479 
0.8606072140889036 0.1250324110200854 4.155491582206358 
0.31932061704098674 0.8294637537139575 4.247925600751131 
0.2248574833265001 0.8510464790558739 4.144759437098739 
0.2931013310186789 0.7926886756383495 4.440707903931968 
0.7829478932250591 0.2922404717316487 4.361674705209429 
0.27845169021211746 0.2909910626138331 5.251827755038251 
0.17672674288956225 0.23720434511627675 5.325595567327599 
0.2017990831662128 0.11038755876056777 5.816342741323947 
0.3115459529277422 5.034136242625925e-08 6.538882462834203 
0.19338199996088917 1.4767186043812384e-08 6.602930823679418 
0.24612914663741775 0.750307054202962 4.734856910042994 
0.27436116170671476 0.7199261286953635 4.862495302637766 
0.17724988436242461 0.7914179925984777 4.538740999526082 
0.30386032375093874 0.7787477504312569 4.578080681913386 
0.706064332344546 0.6091602937261089 5.030193958216879 
0.716320196494459 0.6038046905335821 4.898570887332119 
0.7458934294250876 0.7020162662635522 4.534737270500073 
0.7566521145189796 0.6911675111477754 4.40427486979923 
0.0011673484759693862 0.7352917789880078 5.568027380848587 
0.26717671795592346 0.02700698031877552 5.69962313615559 
0.20300628626627779 0.1383627040768793 5.68294185282863 
0.11456949053693577 0.000291178002287229 6.028019459508439 
0.15012432773496454 5.04053402499477e-06 6.152447996838602 
0.0014938357043530193 0.2922404717316487 5.927758436326684 
7.967837965646544e-08 0.2840592393310091 6.056244419580619 
0.8326871048810396 5.015549808806696e-09 6.060455553970023 
0.70422547509628 1.0341539679714629e-05 6.0627942106404165 
0.0 0.04328805800775576 6.758392751060488 
0.0790889317668293 9.1427136073019e-06 6.9558587896899295 
0.1393312798118414 5.015549808806696e-09 7.066739436766165 
0.6405125228846281 0.0799424061673667 5.615749115022631 
0.6922211607853185 0.09517883802023985 5.502221778254698 
0.8032460989937915 0.20473937228036815 4.257769470859745 
0.677036293422536 0.1353274282645974 5.195999882741246 
0.8540892195645279 0.07427934858049573 4.444085134996892 
0.860589472503066 0.1261776614318955 4.333564836863225 
0.7383649603639079 0.10242773637093194 4.930644452038778 
0.770831709706505 1.5718014251138424e-06 4.876138659012717 
0.0 0.12058275606598509 6.635105906448345 
0.052444494823227494 0.004671999956536554 6.5353773224851155 
9.899690719276705e-09 0.0005248989491953571 6.6375772653277885 
0.6853552339390881 0.7924480120686671 3.992593304254032 
0.7643010989706233 0.7258582681162088 4.040312985729431 
0.708806852730097 0.27597891504141603 5.02517641313851 
0.7231310147307413 0.20874818166065146 5.109049956119977 
0.05059635405001911 0.7164212482568456 5.345273326740064 
