0.5597940427201317 1.0125700474558363 0.2059420731846566 
1.1489435989433676 0.03403572372120693 0.2301689733362871 
0.981976785580725 0.8330710845182401 0.03685050927880763 
8.436185386820146e-05 0.6731875307470921 1.435678137836097 
1.4621930882961065 0.0019886925938066586 0.18654870998734116 
0.8646729213537833 0.02920746113977299 1.0418732567446405 
1.0656253686123303 0.2793832519729951 0.3818238752512107 
0.02580576931339145 0.754977937092968 0.9320075853397389 
0.5987957878753165 0.27782001928320665 1.0335253882855733 
1.0809442400053904 0.002694446266091248 1.049223369926171 
0.5499696120021428 0.50438690524517 0.9457075143954347 
0.772830366909791 1.0005040325922312 0.18140163119498467 
1.1831821808158334 0.35873475526178655 0.1195849388813147 
0.03554196235018227 1.1482578505975654 0.48674358987034333 
0.013124287643447754 0.5245764891829205 1.1450739629584281 
0.05631245223730181 1.4799687218874737 0.004827355177747271 
0.5539311587094948 1.2070578033419943 0.024108930567079863 
0.13599979492973366 0.7731499127216551 0.7995261520106312 
0.10811354012376301 0.24997564778655376 1.0866191219863146 
0.8371449741457463 0.7866682005870933 0.3249524948374352 
0.19480210817726798 1.5893178007655036 0.0003173262583905886 
1.7890768159464887 0.0055655369982175636 0.09606982528091469 
1.0894809516972401 0.111104906353343 0.5694688788445631 
0.9458682941194686 0.9543360726187397 0.008803104327824714 
0.7675437513130092 0.3054324198533898 0.8912414729599142 
0.057418613260330244 0.8669834161249533 0.7710490116223636 
0.5798658249648041 2.288530068671542 0.0001632909075748416 
0.14597872032963458 1.0443120177498035 0.5676122514383111 
8.593379814070402e-05 0.0005478318284520381 1.449652217329174 
0.8290407494632737 1.1367307439939416 0.0008687751750018388 
1.2996543733649095 8.74214934461454e-06 1.6322390297382106 
0.9786155502629315 0.048669577439039984 0.7186176036372991 
0.010565081976119122 1.6346621280675335 0.016593902930372776 
0.008590339578336357 1.7526193503324754 0.006264573637647939 
0.6767565206244811 0.5320851655097487 0.890926008340509 
1.0629661494309481 0.29537843371444283 0.34923721499837834 
1.8910577933801143 0.0023367317036952495 0.11096889416206081 
0.7645166637630947 0.311372933455732 0.875830135775097 
0.0034576581038479825 0.00036902397356585614 1.1860154908250329 
0.0011344143268639726 1.4887958220069402 0.08776034428556756 
0.4448072329370253 0.5456238969253961 0.9653403439221266 
1.0268790307436346 0.27011639425910444 0.6961528187340877 
0.14389192036101328 0.9880868255376936 0.7374269827839174 
0.0017293723934350097 1.4270731696705736 0.5416908284208638 
0.0385149565566681 1.641716791563063 0.005714946004339749 
1.250242743336646 0.00011936468667071025 1.1397394646028745 
0.0033502964371413726 0.9013112086000381 1.131963172902688 
1.0573483237558188 0.009543344554642744 0.9172341310894121 
0.002300733684157057 0.9030554694800113 1.1159781758332474 
0.9406850586005178 0.09393975586494203 0.8367931150093019 
0.8350612806025721 0.09757984813784396 0.9609297369212366 
0.03548869956575892 0.9110670255810642 0.7422947730703987 
0.9099011958357637 0.6570879915958681 0.47608462460064954 
0.7180156041321246 0.8121883122054285 0.5047395514895718 
1.1140172266273523 0.01059750305999386 0.8353219615872696 
1.1316410327791444 0.6797229132055215 0.03244449349696456 
0.002233084900089529 1.0648139377012478 1.1214552443426755 
0.013012014026391181 0.9406316525542885 1.0341561614435586 
0.00020304343940910028 0.001837012389204575 1.4409553564361655 
0.29130769185042144 1.4088220373641493 0.0003055964650826771 
0.6637003276313682 0.7741958196078926 0.5881373762830244 
0.670288808820627 0.9467004906450821 0.20396206228937666 
0.0010665267414162777 1.28582220930391 0.5621948171261669 
0.0037352919497074585 0.2763955033505008 1.1532253204682954 
0.003655471800963945 0.0029753237406899913 1.1851341950495233 
0.00028655780960814 1.4278393103126828e-05 1.804812435050297 
1.6437218614430178 0.270877503636431 0.00012406645997420184 
0.9692141798403727 0.48858454679887703 0.4220398267433993 
0.06697558772411094 0.34570926841546756 1.057809032228638 
0.010587692573184468 1.316386444405882 0.006039532232591023 
0.08337267438080352 1.5192064793533895 0.001482702028878271 
0.8833506520984373 0.056907694096198884 0.9317617316683121 
0.45530455237291956 0.5676628046045001 0.875675774537621 
0.9970585230672694 0.008896515711654266 0.977226957926166 
0.6829238967153249 0.10559074310049979 0.9553309282781772 
0.8381703427262495 0.9111441417276682 0.0617682673111829 
1.602971090265272 0.26261331134557464 0.0004379853280245721 
0.00446775768546183 1.0698951370141137 0.9479088540395365 
0.9730631644975334 0.4628725916951441 0.46679363520568373 
1.7547660201597253 0.035101782172220757 0.0010026049097472828 
0.0013295834095504863 0.005040239391783229 1.3486102263568265 
0.7994581138449014 0.8422299205273696 0.3363231988986902 
1.6669591430251645 0.19078852756774173 0.0005908466989434342 
0.821550661703712 0.33554098720933057 0.7995636513140731 
0.6789517438303774 0.4142858734744452 0.7905709351392562 
0.0014370050826275583 0.0023295279401296764 1.3387067536468484 
0.9658065174334772 1.4816640954756135 1.677292127126893e-05 
1.2909485990375695 1.0252826888740383 0.00032996689472728765 
0.9153192945260545 0.7572167641811872 0.3746411329020023 
0.017163617625110174 0.7863251506395921 0.9106594330276748 
0.0011583482856380803 1.783119022253233 0.0021549448208937226 
0.9316829302892742 0.8113080358664166 0.2160756823053216 
0.8073480958985394 0.905926242869784 0.17496739547581583 
0.5137185623202476 0.8566423696024713 0.5843462033100258 
1.7992097668377605 0.002891441698650581 0.044534307791472466 
0.0035909911288020376 1.3577394813012265 0.03480456562782666 
0.9068738317463385 0.9787620203727635 0.002083342196992574 
0.8764216556119985 0.963904547252122 0.005660733490331055 
0.7746057315503764 0.9950678214518089 0.0227864246582626 
1.062960722248482 0.6299487630740499 0.044553902684272284 
0.9771635831644843 0.2963980534236443 0.5835899372635037 
0.0003043550217149482 0.00048414268522930983 1.375274943584015 
0.1232588858313195 0.11480372436401044 1.1116025601149557 
1.3330543786511175 0.4073800778139138 0.00023938139839753617 
0.9067050436316569 0.7370410682930542 0.49022454064462007 
0.0009896544806423254 0.0054619481763290975 1.2618553662209295 
8.541146090821382e-05 0.35955760481431864 1.3939824236819776 
1.091282687809261 0.0032839729719177932 0.9124377988444173 
1.3164755185067512 0.7813059561544909 0.00022620398118518745 
0.47939902221548497 0.9718158387066353 0.5382485643297068 
1.601641663717745 0.005974807944248969 0.00159401171606921 
1.5640528813951469 0.0002750979817577122 0.31597724904488966 
0.5579208204089632 0.5588567371757269 0.845141121004368 
2.3566130648458152 0.053309066359348116 0.00018568502317044497 
0.886723633304706 0.7508978236360778 0.4345150602605528 
0.4973622714625069 1.0243401911481471 0.2197456464068879 
0.0004501276368793567 0.024642301358354594 1.327105995517399 
1.9094096913968117 0.0005654859485815947 0.06944111794207622 
0.4803486257086247 0.9484085941047352 0.4568948143939348 
0.3838362166849606 1.7815530464585014 0.00021000670682736296 
0.793251394041763 0.8957433566500033 0.39225118916954926 
1.7969994066334563 0.0042983274046083635 0.06661263571286859 
2.132070951255789 3.9435312955387805e-05 0.5948085902278821 
0.00012834238023491982 1.7440050477305018 0.11870524685980717 
0.8976482476103677 0.938433997134114 0.012686182418681694 
0.4865957269573627 1.275438298369253 0.030980738142913022 
1.0311589792550344 0.01826677413733655 0.9097902976359951 
0.5046367134670812 1.0591561037345154 0.1088393765187968 
0.003125945104884477 1.3392899306825303 0.5264323909362018 
1.4425224538086004e-05 0.0005209622085797486 1.5976196661459725 
1.773283322697202e-05 0.0035934861725122015 1.5018181869046248 
0.01565896590654796 1.2437232435168069 0.2930683683671678 
1.2716589341040991 0.0012919746330716066 0.991871951017373 
0.8246039400942086 0.6264076526209772 0.5201186050588947 
1.0621658034109591 0.4086707929379449 0.5103935857988626 
0.7104353173197744 0.850106015507794 0.5463089294731869 
0.1304326500747536 0.4669125843300749 1.0020295662150682 
0.005412305578081677 0.9827694141385295 0.8646610754546789 
0.8765653767150139 0.01218050711431093 1.0636506731778608 
0.47805193975410526 0.9003121653965863 0.7447471284828933 
0.725244411223487 0.2802216696643505 0.9493295023895677 
1.201755492986218 0.0019298868763694933 1.0105855448562826 
1.2330045958385942 0.9277093142720835 0.0009289252069752159 
0.000428163800381983 2.0791315627762144 0.0333415183823814 
0.0006498536728174745 1.071263735775686 1.1801432272223589 
0.5028924108660765 1.1270982539741414 0.04445562439696516 
0.294603223486727 1.0398406089465067 0.5699150316157293 
1.2617192120012728 0.004654070195453337 0.695884249126402 
0.014832096833378104 0.7365903103879848 1.0375479574063708 
1.5640837969602603 0.2744348406393514 0.0009370181427335327 
0.02260753183116283 1.0700516500604211 0.7517476663320218 
0.06239132343336736 1.9111733949826235 0.00032828279820186593 
1.3386182237110962 0.0003790343192862547 0.7261942715039488 
0.8416581813812843 0.12797009458501568 0.9456196524510558 
1.2980233805354496e-05 0.0009084033642247824 1.7919601880391332 
1.0840300363509114 0.01075274413319885 0.8828047870260071 
0.8145231544738326 0.9789039653646986 0.01746757564041039 
0.8319138006711169 0.04416051602614254 0.9816464122553169 
0.323611433745363 0.16890486818548292 1.0883889569774416 
0.3328035656235249 1.3916443644216236 0.0027041770423411006 
1.6132527562004237 0.0057030662742855375 0.08194327616689784 
0.4129625891692491 1.0878601300607567 0.4870549503827904 
0.07927730089096706 1.004673492562657 0.6416387082204708 
0.001194884526518474 0.00013779150661417992 1.438580582313344 
0.002521178945225203 0.001357116054823041 1.3752260826216465 
0.5753403728963452 0.32791447714940203 1.0150204650466859 
0.7638493477261152 1.6183434374027632 2.138529220028827e-05 
0.8811350882906014 0.8546816208368587 0.25410223386315495 
2.477351400047022e-05 3.3922063094990703e-05 1.6667429263128233 
0.0021289706953099784 0.00503517555816868 1.2801818216521101 
0.8428072001507293 1.022690636192244 0.013657538717988412 
0.15899108233527856 0.6509643461849197 0.8945292706332738 
1.2294496173016767 0.003539398507424917 0.7896228019482554 
1.0151082245716727 0.4625960807417237 0.37123384871413034 
0.06868391734539868 1.1073371608786153 0.6900611252963531 
0.025113149513528794 0.7166384504808306 1.0339635915514442 
0.7171008689739851 0.5964892933481138 0.7051485301596704 
0.3565929767697179 0.9496001799816084 0.6988408385818282 
1.7420557161175945 0.06336529980012773 0.00033302517985282104 
0.05826779893174219 1.3159682758654134 0.12550832567455214 
1.0389128014605133 0.5814782622070757 0.055847324859648544 
1.1172425816356277 0.4664273378541301 0.053411295080883145 
0.0042962841598730575 1.213299131054485 0.41008234266030863 
1.0363013480013021 0.2199952953132044 0.5906301375240255 
0.6600938900359518 0.1844195659847774 0.9913976182460411 
0.7807876990479584 0.021658109886739083 1.0709855245724618 
0.029828071180213238 0.0037659958438652375 1.1489185018060337 
0.002635277936374522 0.9746503196818596 1.110989105307084 
0.8006750657401077 0.0038457258383070977 1.0687420479826775 
1.146349254893591 1.09764234829666 0.0011847564573543791 
1.1694279711377933 0.006524325905734086 0.5939808223714483 
0.8024910126325151 0.7067760248939312 0.5495426713252414 
2.926747316213831e-05 1.69987088540149e-05 1.455305875550628 
0.9104140134227087 0.08143290793590016 0.8774654057992001 
1.297614490161864 0.003384691970457974 0.7851510499159103 
0.3250001628971951 1.104200227316947 0.24944733096073807 
1.3608079447937196 0.02886884453397251 0.0010852806910473865 
0.7129477973034763 0.02142411848447052 1.076578013092123 
0.37811900395965337 0.910395703846338 0.5427554731616661 
0.9518001868739111 0.2160407813805777 0.7900752044556341 
1.0245245018538853 0.1385215763693603 0.7003408926488885 
0.15275575973463124 1.1059148362186593 0.2934811931176361 
0.03222744729475775 1.0334567437615331e-05 1.3596797895667037 
1.4585189111305772 0.0002862860970630063 0.8271608917124971 
0.7343506260229757 1.1935322527157042 0.031616717131113296 
0.9812173893742724 0.027608988741679153 1.0106476389563843 
0.7783377192797873 0.24086912329554905 0.8432325739543719 
1.4964433563076294 0.017090937834574303 0.11045809285748512 
1.1297595346063618 0.7247423462713583 0.042940806519489776 
1.1885343936153185 0.4438518317140767 0.051638407810345205 
0.06130823754769088 0.37303627149937335 1.1465600671074718 
0.006700503576230596 0.5544879785760697 1.0652928206434562 
0.5044030048889212 0.7890152499868324 0.7226243010687422 
0.004325219911947371 1.1102953069347856 0.7395496063463919 
0.9014440514881937 0.5064010492784216 0.6792444705526695 
0.002498803410344954 1.0343871634519815 1.083140339613887 
0.9086558007138787 0.8389702113556398 0.06271178483680705 
0.14142910366040157 0.7544542788907974 0.923730562921116 
0.038574266301270456 0.00025939015710303964 1.3344486271838794 
0.06527122653765255 0.5404356616977396 1.0822431418701688 
1.0817297326936677e-05 1.007663795625893 1.6376507057537586 
0.009667692531683087 1.2568554508951473 0.16076801663948567 
0.5587162641972802 0.09652931693581784 1.0562943640237243 
1.2026537536928228 0.03742193747857908 0.0011522657770134987 
0.4214072698964492 0.6099448283214521 0.9841650111122033 
0.4928006547038037 1.2685843878394998 0.04184824492820877 
2.146203980888923 0.00015870806560310788 0.012333381767946607 
0.9768943766984484 0.13869090837216852 0.7936908943194261 
0.8893580798581443 0.13059147143755595 0.825946981587738 
1.1221690918499547 0.19614990147761535 0.4152782886161846 
0.00041421217298216165 1.1676472211214168 1.168994286602012 
0.34965995448733606 0.7245929485691798 0.8308374442160048 
0.6824503124196192 0.08438707747134944 1.078723588192708 
0.06695507531094638 1.1076944647744424 0.6739007821150133 
0.001537912157822096 0.0015873961039975463 1.350912184903018 
0.8272765304606476 0.013084221921699944 1.0497460137729269 
1.4553056143922667 0.019720470452833982 0.2392395477289588 
1.1759056436486468 1.1425146606669088 0.0003657119073869015 
1.5229028099137638 0.0004419516332796193 0.19059436876636476 
1.5727127993421441 0.01032619250187618 0.034872306507377715 
0.7005936266862238 0.8976944959361111 0.18380095326289653 
1.5579153120612672 0.023041992129421315 0.10843129807908314 
1.3505406339117554 0.03064365108613422 0.13675931680044628 
0.9119848239331074 1.3642235997784526 0.0001739789861518555 
0.0005867909325872714 1.143002044757159 0.6191400085728012 
0.8919116805828298 0.274040299624184 0.7601214161375789 
0.03747610648290282 0.7654946117093517 0.9252172997470726 
0.25895069561251044 1.3247494211974238 0.0053761186345649605 
0.48867424957027517 0.7915063562757733 0.7617250452766581 
0.48014297881244067 0.6778937934245908 0.790245958723028 
0.0007472722915655746 0.1941190164967516 1.232764870696277 
1.5795228143035314 0.0002425477266943842 0.4172356515920182 
0.637104578382602 1.0385981659054664 0.10350461613509124 
0.4049910759151368 0.6927768705245653 0.8501849090678465 
0.1933532064385431 0.908707786501241 0.7630431360084313 
0.0012113414541149378 0.002700370713606233 1.354507051684761 
0.00013551135637358922 0.0018980146717170244 1.3652259550560393 
0.3253539749040004 0.39509316302120806 1.0470314216952843 
0.6067278682379572 1.2453892954490273 0.008965265882489167 
0.0032538836557651214 1.2778929168044797 0.3892421637268687 
8.507954930406833e-05 0.9935857442055872 1.3689712593648329 
0.0005337392776799173 1.2944760481895998 0.7670660475928571 
0.054183522291284335 0.7110939857079367 1.0247382252929418 
0.43502369028188137 0.8374246949146461 0.7989797209744622 
1.0333166609711373 0.7290360685126216 0.0034560460092195907 
1.269485666666862 1.1888121498282023 0.00011828061069432745 
0.6236060738015595 1.0160588461129525 0.19134535243739204 
0.010005203176286273 1.2524230820785829 0.25336051807480775 
0.0008460324618265953 0.003119631035521835 1.3540750115278763 
1.5511584480604308 0.0124973637427839 0.12702030295502542 
0.8904289502916114 0.24142378342575288 0.7656979822012384 
0.6237681674401173 0.6020859376869897 0.6686918716660905 
0.12177420525057317 0.6506142341020176 1.0376600517550252 
0.0017510398023089164 1.0466500996348087 1.157671764854424 
0.006275733308468418 1.3014305990713222 0.27997336980689813 
0.025971580301782555 1.1897683678174178 0.2285794858437615 
0.8772248349002877 0.7551416334877864 0.5118220677863896 
1.5601342533511084 0.01853005947983312 0.044461161545885725 
0.6435955972180001 0.46374075129392417 0.9243327153909587 
0.5231998432165241 0.00029631494961511885 1.1151966617377482 
1.0501473015427607 0.007770060571508146 1.0209803961270234 
0.38314838073513297 1.0926994287584706 0.14390012516106476 
0.18904975671277108 1.2437652256020875 0.20160969541342022 
0.23012855809534918 1.5036670589144743 0.003756062145692426 
0.8605878859763105 1.368474852055677 0.0006200378914309337 
0.01957135070828939 0.6813052361363868 1.053296269356881 
0.9277800576494689 0.5054614305864273 0.3421560928501657 
0.8547818072553757 0.4166280350124079 0.7588958561051262 
0.3102121811581814 1.1724962535232513 0.05146423904866321 
1.746809640971023 0.0010961527623334231 0.17708063915750077 
0.8129371845527745 0.9488680968748328 0.12118308229178464 
0.9003930526186043 0.11006936493572547 0.7987383631054269 
1.2057790342850114 0.025207963642612737 0.4829259859905548 
0.0005626291861886414 0.01363511025806044 1.3494932252964138 
8.66913092758063e-06 8.724267206756184e-06 1.832324629079851 
0.9493543866341428 0.21726422978765667 0.7564607509960855 
0.9217849899472517 0.5873886656442052 0.31066443380789466 
1.2761730702701755 0.007053202330659803 0.2941987663454057 
0.36053270858324554 0.8526959347147915 0.773978883752875 
0.6860038008692289 0.7555327167600839 0.5597299610036706 
0.12145021365408926 1.2601250584956816 0.08828750712345665 
1.2863975394813514 0.0022694809308670813 0.8532474196273686 
0.7258985716996027 0.033626317620524634 1.031463358346227 
0.8595089585924502 0.14562927176789803 0.8712214528263033 
0.5919694151321658 0.13387125300906394 1.0418964970693296 
0.020124347475142995 0.3756516584958999 1.151936801604205 
0.39726085114483645 1.3056736716242763 0.007496019402833267 
1.146311547872493 0.40401589891674433 0.3229282298053937 
1.22678028761879 0.002941699738307533 0.8104251986876464 
0.8065601231218876 1.2925696602271854 0.0074344674607754275 
1.029913122247418 0.05952744394212642 0.6189286843198615 
0.0019023084934340917 1.0683637060769888 1.126116033848547 
0.9006280590511239 0.8423260671684807 0.29270852011190185 
0.3001888092361927 1.3013359538809017 0.07204353343845032 
0.5674781125929557 0.8183259871935962 0.6693954391502368 
0.0006480226345723165 1.03277489409672 1.1918831308759026 
1.3035322446310742 0.0025946775186731753 0.2474167837149867 
0.659457782649698 0.41080699272632876 0.98436950965859 
0.0943553195007442 1.0942990416471308 0.39852361668500125 
0.5126527269318465 0.03840597719320363 1.1355911113802568 
0.03904470602269484 1.109297531244616 0.24880827434046204 
1.1045644760222464 0.5437824388700018 0.24901113634579164 
0.4201631541610796 0.24374162997468204 1.0359865678602775 
1.436137946821839 0.0003698103339887695 0.8511357187045554 
0.18656292202289715 1.2555433044146063 0.1804065125458332 
0.0038013694669714335 1.1208387104118276 0.9105031072888019 
0.07355821494861593 1.24951632294796 0.21110471722359864 
0.8771638771711591 0.09193227761589251 0.8662854144416497 
