6.046073195070893e-17 1.2741030564585252e-17 1.009084796225612 
6.129523357210919e-17 1.0010271306761316 0.2882417085051729 
5.079593358790944e-17 0.829560549593165 0.5688451322946201 
0.002719427862562693 0.3997734154268004 0.9238868727237041 
0.01567594579361703 0.7658767921584622 0.6657475272746445 
0.03151817074850012 0.8339702740937202 0.5624265356894531 
0.04614223579994963 0.4807868198546895 0.9051923279324714 
0.0567242963675915 0.7689128582326108 0.6581498792655377 
0.07076299253086853 0.9876133707489028 0.25167583101539304 
0.08867666218802009 0.9662751694516383 0.34616584283586743 
0.11464737619416056 0.790036227324836 0.6226972144033641 
0.07999791101831032 0.0 1.0088842235772737 
0.12025150253047946 0.6454333059065908 0.816728572286861 
0.1014602397550146 0.9895960878649932 0.24394553659370075 
0.1318577754778184 0.8950261893178196 0.4525498591438982 
0.12384818391862835 1.0050050932039492 0.06881706394133222 
0.17625453909793082 0.8653145025838497 0.5175883063138191 
0.16809639318869074 0.9360814738965086 0.39164433747711624 
0.17715244371462346 0.45237976402770264 0.8938954289891063 
0.2166956475709382 0.8115255623255379 0.5733781161901572 
0.17795598592315034 0.05075816836399712 1.0023090788328612 
0.23344790525517178 0.8303103938788512 0.5328542123696931 
0.21908056432133824 0.9716001779499732 0.2646925406872569 
0.21453650014888653 0.2111226739025143 0.9990520682527227 
0.2915593195191631 0.6782806188786593 0.7342413320832899 
0.2240067978646036 0.9978880912650736 0.005570526940895565 
0.3189913865144946 0.8145212447290989 0.5688490853240824 
0.25726854451994086 0.9636611634583672 0.1563486617312382 
0.3142763193430764 0.4911045456220244 0.8452108937037278 
0.2472106635256428 0.9847695873233191 0.014712463957764571 
0.356926528009058 0.7301105706000821 0.6056310962656539 
0.29717261314726656 0.9574554282016005 0.10296573539750903 
0.36414922044055165 0.8180827112182596 0.49591114671351755 
0.38204104336965355 0.4415309948515581 0.8821840330218363 
0.37337482935489674 0.364632158635591 0.914458936459076 
0.4218490969967867 0.6127043002485619 0.7306334326959056 
0.3412294585266498 0.9449676746485663 0.050195695776466424 
0.40243387856867735 0.9183316955085409 0.22519014890247188 
0.44284979578413436 0.38091039563163415 0.8715048304874001 
0.361780041831029 0.05539929427169763 0.957393412743228 
0.45327538997346917 0.8860176690200497 0.3252444230882231 
0.5065118458164448 0.7111801620308245 0.5715405314301447 
0.3956245763304805 0.9425463006307427 0.0 
0.5227993739730145 0.45663243163596856 0.7829915365982875 
0.4948111729462544 0.30774325003242275 0.8608674401479471 
0.4461761619733925 0.11641922175828655 0.9289360941652265 
0.4394977673794116 0.9100841812324668 0.03864949775932175 
0.473788994519874 0.8930290290692683 0.05122848118724909 
0.623857926204915 0.5572924775146482 0.6874485372826156 
0.4885583971727033 0.8794214435401373 0.10611760787785776 
0.6107490036127623 0.7443349136136904 0.41410884342139576 
0.5875045069748901 0.8285796042026824 0.2166951097549353 
0.5383122285466857 0.03547760523989377 0.8928587465654799 
0.6044809036983088 0.7866783094294583 0.23618324413992803 
0.6362946161154388 0.7004404378193284 0.3728398442788972 
0.5660409006409794 0.05344726775506915 0.8851385170553585 
0.6352109246534963 0.7435988532044584 0.26285425595261197 
0.7280994162027997 0.45720525555658853 0.6537102174248557 
0.63809489564509 0.8138015222093192 0.10908365660616577 
0.7123598062465212 0.5828025679067248 0.4441093153633688 
0.7250065538647051 0.5998950799145746 0.3982043769580275 
0.7769197410952619 0.5079605512303079 0.45161829690893807 
0.741095582535136 0.24312076654747924 0.66376423340981 
0.6456419076888512 0.0 0.7911123082790066 
0.7521673396967256 0.16394304105911242 0.6867379552526488 
0.7782661395916635 0.6585640184066281 0.17639103718601148 
0.81542365748213 0.3145982013355737 0.5662513331728006 
0.827179695082861 0.4666104105411648 0.3988180909583868 
0.7563547010793159 0.6640443527535297 0.04819372210750882 
0.8420857799908212 0.4786352438633466 0.300210946903751 
0.8336459964628874 0.24197789613498166 0.5342322675569293 
0.8599504645390265 0.15604482348447465 0.5641218280624862 
0.8057107126090826 0.6428218113921161 0.0019162620465597948 
0.8011016587095837 0.0 0.63176120506092 
0.8891989234735054 0.2159526867874229 0.43020866858630763 
0.9212039648866612 0.411438202508476 0.23632453269011963 
0.9166033357037503 0.23210483047865801 0.391802104318819 
0.9261019341335398 0.15467796448420038 0.4225786086772603 
0.9438318756649674 0.3982238418752175 0.16690972009531724 
0.8743537126354973 0.0 0.502664342337142 
0.9641373476398596 0.2044269145866818 0.3067494030338078 
0.9654738255767231 0.10897775697799174 0.37467775689279736 
0.9728603375372886 0.43888139452672875 0.01770107282799063 
0.994241243652126 0.12112562046411188 0.2781491034608728 
0.9769960666413888 0.05458281341949652 0.2964668502238814 
0.9959813846012076 0.15832966455096978 0.18495236156921033 
0.9901402854359447 0.1830142003476754 0.08934998090696368 
0.9916760803753701 0.2375254195734882 0.0 
0.9936570983864335 0.18406186223759932 0.0 
1.012490090101932 0.0 0.0 
