-19.99537251789388 0.009019479264379349 
-18.322594982510573 -2.493410932726826 
-18.28619812797956 -2.714650799595564 
-16.211251550292292 -7.033042142156447 
-14.437494998378654 -11.608924503109426 
-14.883675699509197 -10.615806560209403 
-16.262283550126238 -6.875776032074665 
-14.844106572047831 -10.796211155151905 
-16.176562452303966 -7.192836116785411 
-14.935303861634015 -10.466904295544698 
-18.379114774832217 -2.2571350848262446 
-18.395506122541537 -2.1177067844953337 
-15.070763251481694 -9.909260444559475 
-15.035822841000783 -10.042831496935584 
-14.992315120314057 -10.186566056744844 
-14.971454309372731 -10.322413269962603 
-18.434730374674388 -1.9825797704259502 
-18.247136207052424 -2.923657212350813 
-16.38362514202341 -6.358712397570118 
-16.532292490060193 -5.671929877447052 
-14.660062296140197 -11.301356713603463 
-16.475675203313017 -5.931509117543563 
-16.49830839038942 -5.801178167686569 
-15.313278097544474 -8.819811940395336 
-15.298107351894703 -8.950116932662613 
-14.798369553295956 -10.942959160695004 
-15.249699992453259 -9.077218765560415 
-18.833324188943397 -0.4951531764725842 
-16.34898247009407 -6.488419954222793 
-15.653753127252976 -7.71485500475935 
-15.53486228036137 -8.067306612153883 
-18.576904107725653 -1.3708330570192395 
-16.43650420591369 -6.10473336614997 
-16.41223760332747 -6.223392828293175 
-15.55828039492391 -7.939471484910492 
-15.610765056574454 -7.83365260147457 
-18.11135943947682 -3.497210336463432 
-15.188555791469707 -9.311744578264824 
-15.236357224847428 -9.204856087653882 
-16.301850577176303 -6.725916814110257 
-16.32583004386269 -6.612810497815479 
-16.127076362491955 -7.335430330457656 
-16.092240955219935 -7.44212279916723 
-16.650119559851884 -5.091260533659882 
-18.52337442083863 -1.599103047432691 
-18.548371064800506 -1.4910506829133554 
-16.62743248011612 -5.200315038308146 
-18.598141782980736 -1.2240978988109594 
-18.869543030124785 -0.37347124928410713 
-15.369328933880112 -8.663826243628156 
-18.083488302783245 -3.6118003464098374 
-18.05158056105647 -3.7096072057664835 
-16.038622896307807 -7.553988161584568 
-14.688503635881487 -11.145754595061748 
-14.748684702190896 -11.062482718239261 
-16.76514843862838 -4.556730426938257 
-16.554402097635077 -5.524992512136876 
-15.913020885080826 -7.706870170682399 
-15.995380120487237 -7.647283284482167 
-15.499044720235226 -8.185913351827391 
-18.710543259382213 -0.8672903449174251 
-18.219231645338972 -3.056077849267006 
-18.198734491525844 -3.1529935155921267 
-15.42772866362996 -8.371767795494721 
-15.469007322722279 -8.281799635671263 
-14.564614291644746 -11.507983859148638 
-14.619346813448727 -11.427610068545334 
-16.797739654253675 -4.4434214641824346 
-16.829510794195713 -4.354159737078136 
-18.779335680182932 -0.6482845968850256 
-18.749790936442935 -0.7378079904972054 
-18.91950106932485 -0.2826937894023445 
-16.680696891269974 -4.9442578499531855 
-16.697269970212865 -4.852011284920792 
-18.154581397976727 -3.3438314603519497 
-18.17558532648075 -3.2538892538290667 
-18.478160702152582 -1.7590491420816945 
-18.463993163457157 -1.848754523868556 
-17.944425759715834 -3.872053453581532 
-18.00829347812836 -3.8079423861710953 
-18.638078369905756 -1.1272119833390852 
-16.861236604393042 -4.249857984174458 
-18.66389590750073 -0.9554342130973003 
-18.66093484844931 -1.0417865434331737 
-16.71303543786773 -4.737612014898357 
-16.74327758190283 -4.656816045365888 
-16.928177832277363 -4.091415930384159 
-16.898579445355352 -4.170724934803799 
-18.99341791688992 -0.11992841836506962 
-18.961525627357233 -0.19831461269214176 
-17.000323376947005 -3.894252827463056 
-16.959757030829167 -3.9670915631779815 
-15.405830214209635 -8.486538176510969 
-15.374575541946296 -8.560705211483633 
-15.089898125549194 -9.745458565531674 
-15.127490056316486 -9.675468949586403 
-15.174417367876828 -9.475684708748926 
-15.151900370300323 -9.54991082643922 
-16.582137769475338 -5.426953252113201 
-16.600414616545716 -5.30521024133418 
