-14.472077611290366 -11.615348563826249 
-19.987455113282625 0.01791322255442774 
-19.05129893670346 0.003993697404268281 
-17.944594101476245 -3.8694946732516673 
-16.992885812201095 -3.9096980611682035 
-18.968120149026728 -0.1607288181345869 
-15.628940893375017 -7.748464299424921 
-14.943762112713443 -10.423744455286817 
-15.89535039836636 -7.746400177901291 
-16.671736306785558 -4.984453331918047 
-18.866690137442557 -0.40062052548020094 
-18.11245101289761 -3.4873801955176265 
-16.456800635178627 -5.975464528983435 
-16.622112670256023 -5.234152459274341 
-18.145710209808932 -3.347505671506686 
-16.579693350705654 -5.33836295813906 
-16.90997893581584 -4.103675397613349 
-18.478380628130992 -1.745935241069842 
-16.508508873012552 -5.7763480923626815 
-14.51272742460137 -11.554471051522677 
-18.26217479625996 -2.8057040209754667 
-15.978529439850718 -7.636063210902191 
-18.193281241318864 -3.1321242920986045 
-14.80582651532387 -10.934660023598001 
-18.597456552312188 -1.2383382523727784 
-16.057971694242852 -7.531534448101619 
-18.36008357924176 -2.3292710832663217 
-18.03254423636585 -3.6728171869392954 
-16.416115200053135 -6.135617350736535 
-15.263818231918712 -9.0959991516505 
-18.382319063285593 -2.2142809106552024 
-15.17216263180923 -9.329341807774671 
-18.782666113255697 -0.60828225785548 
-15.144161106490202 -9.607219069371514 
-16.707906087025734 -4.8075739476219805 
-15.238951002087138 -9.18218377395791 
-16.836416765614032 -4.348891440934719 
-14.855293597681133 -10.765258708827645 
-16.789255163848566 -4.453888011633756 
-15.408465522522851 -8.49777291108957 
-15.028092212645127 -10.066481677208206 
-15.342543346214716 -8.761116831054935 
-15.363652977818978 -8.581697486137493 
-16.875003766103283 -4.213790696990561 
-18.323174076256855 -2.5513464643054 
-16.29882040214732 -6.60775863968499 
-16.142279556236147 -7.278812812248155 
-16.54866678165202 -5.589673014015324 
-15.44721618094327 -8.347135867513416 
-18.82316394354384 -0.4595279349007216 
-18.74269789912683 -0.7325971494342969 
-18.303454710512234 -2.607978628465947 
-15.590681903423498 -7.892436899561701 
-18.02055397160167 -3.753510721051007 
-16.350201704770853 -6.4511140802679225 
-18.63051012008624 -1.1056441572784417 
-14.68914030739008 -11.26652194535202 
-18.70942475475343 -0.8384849378959081 
-18.41221041526805 -1.9833554107477405 
-16.98529491069817 -3.9360836522193914 
-15.076073449790046 -9.724626194699079 
-18.51464730413914 -1.5952300994709951 
-14.616514937693559 -11.416986415455092 
-15.051616696726331 -9.966849855155939 
-16.19103594650791 -7.096527341238679 
-16.236734271570413 -6.973118776463183 
-16.396846961954644 -6.306083106216594 
-15.474429924532542 -8.25029811140438 
-15.17053300398338 -9.486180139528557 
-15.312870162822797 -8.881101220504716 
-14.670368915286783 -11.286257651993667 
-18.23091214651656 -2.9563808823490447 
-15.055454736434253 -9.777469077053903 
-15.908381624326658 -7.706818447570152 
-16.178912311910466 -7.192855510971471 
-14.919212934860738 -10.497360271878055 
-18.550593502209473 -1.4107881553353772 
-16.721722080649563 -4.661082093965683 
-16.532321297954596 -5.629802040201989 
-14.765939063927464 -11.05384466581873 
-14.897737838059204 -10.610125604737524 
-18.67411376194595 -0.9630487442023336 
-18.22581100751803 -3.0256954229438406 
-16.293722591326684 -6.729192595569568 
-16.755547206997413 -4.591710068444289 
-14.866674380382886 -10.645841223209167 
-16.370345105999103 -6.377879330745552 
-15.557152720355251 -7.979347131127366 
-18.650516562462833 -0.9699304052062645 
-18.504607787594317 -1.668828257928609 
-16.09708426082247 -7.41316324007429 
-14.754743478239536 -11.089083413591585 
