1.291024397379231 1.5532692675847456e-07 0.0013790271167511531 
1.0180105317902886 0.025372872513233426 0.000219005753915273 
0.1972178502157785 1.1333927906071986 7.018696626336878e-15 
1.1576283554233098 1.3927765822348855e-07 0.18239361457768608 
1.0950895919880894e-08 1.1898992542926325e-09 1.095852451006995 
0.9769571947283594 0.175138769679811 0.28036153709895173 
0.9935655360388801 0.001827177376062468 0.28065407276607013 
0.0010154016265470284 0.7033200068695868 0.7264015034037845 
0.642692068576555 1.0324202098190103 2.5415897759775485e-15 
0.28842112413539406 0.9869656579263797 0.12372824023862641 
0.5212212003891249 6.495712067565332e-05 0.9043657301356427 
0.13758684621638004 0.9883355558367484 0.31151743338804866 
0.5171140769547021 0.5203309563215314 0.7837054929250337 
0.8572583384515682 0.3638194831376387 0.5051320198157652 
0.00033409260909557446 0.5185475820770806 0.976649126229464 
0.9589717260462345 0.6734130496593046 0.00025761554448869983 
0.8239633088993505 0.7102233697005652 0.00016716869637810837 
0.15366558565399857 0.8586714263453109 0.617882051796865 
0.991366674549205 0.21374235553959173 0.09233982441080155 
1.0155455490163894 0.3328557898589832 0.02918479985510817 
6.875322965190832e-06 0.16594546016454587 1.0140642612433604 
0.0031241877084934836 1.1978798167847002 0.015358054740215878 
0.9174139194763408 0.37542939076582155 0.36922776971413235 
0.9283342676683546 0.35843348962744254 0.2386010954060949 
0.4586812683771853 0.9421370299267302 0.13749959310232676 
0.11582191565287028 0.6146276523186001 0.7991419432108818 
0.0004806778297594744 0.5991557316391819 0.8594902110866449 
0.41651336935740274 1.097809672453383 0.0 
0.6554986025050468 0.7636038836495707 0.19253977892850888 
0.5486699523024975 0.838956116726211 0.19178896633033649 
0.32736943072758207 0.4540820170571918 0.8697682611465078 
0.013954347284686924 1.0637884462522786 0.0003217012036564539 
3.4208456740815737e-06 1.0261601778585194 0.12220173317525013 
0.729814421489851 0.6353246175381048 0.36376326933396597 
1.9916829449654015e-05 0.9630951077601472 0.37034884293912096 
4.4787224789690236e-05 0.9900047560891072 0.24558793224135952 
0.29206554342650526 0.9475047113752363 0.2803103975687337 
0.7440049784238749 0.42776163133140793 0.5867093618617087 
0.42018271974155025 0.96756885168853 0.013921704661343704 
0.5337520770090913 0.9126204273724107 0.0005639613338425731 
0.6796392852761315 0.15747217711016834 0.7536752159593867 
0.5995973969306861 0.12186471433524333 0.8438954033321975 
0.27019315110169534 0.896767649704581 0.43016418106484905 
0.6974941780985672 0.5542848179111307 0.5549064618036498 
0.792736745659998 0.5149735461983942 0.4838796532577343 
0.4124386875159325 0.9070361798158533 0.2816974215072604 
0.44305785715996066 0.39821842003452773 0.8844797396663745 
0.38622757551064674 0.5747095147177733 0.7418839080995397 
0.4826405281131744 0.6390928094933845 0.6982565899750981 
0.44040660987454805 0.8773301157258963 0.39942245171787216 
0.23346042809436413 0.2614794119057651 0.9663343706782336 
0.6869860374695796 0.7386112142338607 2.1081229305933823e-15 
0.6387158244091605 0.8457613211334278 0.02568308942941958 
0.6061565879109757 0.24638326454423634 0.8189131984791559 
0.5095407849996307 0.2935944807314748 0.8726793740951403 
0.5631465712068922 0.8155803481550016 0.391028964795754 
0.6453991984131556 0.7317138196330726 0.3667964255100206 
0.8500493114206081 0.5584284985461435 0.3772060268050715 
0.24613331680605527 0.567898198868484 0.8702835432421273 
0.5482130966549527 0.6722985934451577 0.5924995663521682 
0.00920656781747541 0.8634080261526048 0.6116092899710934 
0.3937187499486558 0.1731699673740275 0.9507162633794941 
0.49376948866786624 0.16838156498212278 0.8939563126824994 
0.6170477325607628 0.5496091648503005 0.6558651333281468 
0.37436723873057276 0.0005919596676413531 0.9650767936086078 
0.7300639510939918 5.773660563985755e-06 0.8284320198310652 
0.7702713102884338 1.0123785071570678e-05 0.7217796955729062 
0.47162219296553043 0.7479036009176468 0.5507160644324137 
0.8856059180964451 0.49068144523172963 0.18909408138492506 
0.9014532431220525 0.23274040113596156 0.46875475077929957 
0.8276145545350544 0.5777031553053384 0.2637014947698766 
0.8268986181531808 0.5800586628497747 0.15252648974839658 
1.7192420488656056e-10 1.2027760397463791 0.21286667960911954 
2.2073390179525453e-06 1.1271294596880044 0.2939945182548874 
0.871998955918504 1.172240207965839e-05 0.6364389856193294 
0.8751807455260022 0.10112634760691211 0.591013604838154 
0.7148115677885459 0.29180553386442637 0.6759569421298264 
0.159659954819513 0.027446179649196812 1.0188549180303361 
0.2656664197205816 0.0029545027439553686 1.0017980547300969 
0.9486694685257795 0.431508723126939 0.10180281165433386 
0.7960168382062841 0.2047921488344014 0.6536128744540258 
0.8318329119701975 0.19842315967224147 0.5497592649260435 
0.40267956717179115 0.8245399689530705 0.5022600735990923 
5.231872167723975e-06 0.2887980813911907 1.0725598977687985 
0.021677317508444146 0.3567411354405771 0.9909297465154119 
0.09633943934739418 0.9186918890242893 0.4629009902926617 
4.765330481926376e-11 0.9212597842275102 0.5121294350062272 
0.3103772172113657 0.8651235609087968 0.5450466162869311 
0.1226147134922695 0.3073178515827096 0.9820342443461269 
0.20612393008469695 0.49459225937108137 0.9502667267700863 
0.18680269388195772 0.38912742801578604 0.9540842964076873 
0.949754780446607 0.07839190197469634 0.4376950316917239 
0.6445815557565562 0.4382857131540958 0.6649687500330945 
0.6897624099696559 0.3782873071521954 0.7401664675062865 
0.8978567029834815 0.5162178467994628 0.0218706958716019 
0.9884737008545016 0.4674310602031918 0.005611423392407231 
0.283598257308752 0.8118693535509974 0.6348817944597275 
0.9837418644151721 4.459050185956218e-06 0.5569238050018624 
0.9034876223703124 0.001036702288143465 0.49569557056196395 
0.3640203754752355 0.700944201658873 0.6823959939352777 
