0.7767761597507233 0.912816986543716 10.8428555320863 
0.0779046579268734 0.0025887359857326153 13.916241345050478 
0.025918041765868205 0.6973951514596625 13.67409704656725 
0.7297657403227923 0.0022757692148173136 14.125555413656091 
0.002062585356124136 0.0014901548693012634 17.029243138199977 
0.015744087862402223 0.14908604133254189 14.803248349833863 
0.339316315371328 0.0023565153770997993 14.872914473335717 
0.0722877427518348 0.00021327283171934663 17.353346573173635 
0.18052079338612648 0.001197154392347466 15.56328663130001 
0.19167243749959606 0.0004237510181108739 16.390079866776688 
0.07185621254960306 0.8367297707128385 12.502711247366086 
0.006619418084099604 0.35022057860065237 14.681207875687607 
0.8829732708370549 0.0009990779509702064 13.798091897463566 
0.05056519461305964 0.8105010055512557 12.684493427881911 
0.7292061733518931 0.002218000899707806 14.801758312902008 
0.0068115008363844876 0.24846986849954367 15.20029254916476 
0.7402003245407998 0.20690388509359958 12.583417163377185 
0.735746447802001 0.047108538751419404 12.988176779914635 
0.2407411861571327 0.11352062856795186 13.030454343337485 
0.05410862971656094 0.0009952067705090162 17.556381731918858 
0.022652355480456077 8.011233903704174e-05 19.96270567039769 
0.190786361385459 0.001030704022082718 15.80179138932284 
0.12383548296958424 0.3448959350726145 12.244476285579399 
0.22591270398095753 0.23658635267792572 13.337360864144884 
0.7129638256717539 0.8908386075404305 10.939626254875067 
1.8292151673593438e-05 0.6079474952581633 19.162412074881626 
0.7312689434677815 0.020983775296356644 13.465983875516525 
0.09250296997177332 0.584290253604491 13.071098488059624 
0.00017039092390880306 0.2940300719556327 18.135669391951456 
0.690379540578622 0.03821337280556991 13.041053185528073 
0.8727838810949959 0.7142705883068581 10.969982880722853 
0.016409550322143307 0.9381828661040339 12.353957155289685 
0.05884415357523576 2.9666287836849214e-05 19.455619656473104 
0.8919359070215386 0.9562185552821224 10.555285646778287 
0.010657533274504805 0.2118145567830939 14.218001175987485 
0.05560034546059611 0.0019483257213792626 16.27633471677933 
0.000769974436097054 0.9973345058800742 14.808840891451677 
0.8497686630826093 0.06893424468921672 12.758790148665518 
0.009957762692097694 0.8076836473526815 12.937459691888217 
0.1445933855791841 0.0007300710591329196 16.613718989469607 
0.0007624278002664742 0.014416061564221483 20.02757861394292 
0.16532693205036397 7.976976081569553e-05 17.88379961994855 
0.8289498631556718 0.8885340853023597 10.955727929172177 
0.9803992360980166 0.015936547378076926 13.717517638662642 
0.5341803717712607 4.210456195363754e-05 17.871105941452562 
0.4244251559451728 0.0009319414289046257 16.352559005125975 
0.024824902161758367 0.05612395793694469 15.45597210423486 
0.0003137182304904229 0.023361253071728982 15.740323487601788 
0.3803364611152279 6.152379151469489e-06 17.894552869337293 
3.3299504930472956e-05 0.522582131885819 15.51264267874872 
0.1314284442399114 0.001532030439706622 15.565225888409604 
0.0551847622481797 0.7582882666657724 12.57962578168551 
0.016425057514214858 0.0008783993320454764 20.20916003397742 
0.0003394266754074282 0.016611479433918164 16.464525031542465 
0.9146387036256447 0.6934731142461399 10.952813126306463 
0.6941747825067283 0.00019397441312296593 15.189968218086168 
0.03100089002980333 0.1538134078002924 14.119202822743812 
7.62458263915411e-05 0.3362069251217593 17.40794498258824 
0.008741600794926141 0.8134170590339643 14.102414671904937 
0.008942420564518327 0.3265920822103293 14.74980548564566 
0.09382930444354076 9.843378472174091e-05 16.63849982139342 
0.005768088456078457 0.013430042887088822 15.850992024487084 
0.34721942317331045 0.11166374984924277 13.35945657470861 
0.07509063911093183 0.0004990612208065626 17.212621601566088 
0.25274736833628 0.24134711343989468 12.651173608192979 
0.008050557255082635 0.5834212091657388 14.27338448182447 
0.00323285554388153 0.28994955864754324 15.40864576934429 
0.901147212037498 0.28623368183942444 10.954543198695152 
0.12005568593393079 0.8606107995650141 12.223997687001338 
0.039448339597562 0.7398124407377462 13.572141778941246 
0.4558038623031172 0.2127113844475409 12.920396166399835 
0.02198674850683091 0.012558611021348143 16.034117618079765 
0.7899077611330977 0.0010137435724293375 14.668637383505283 
0.010137739851785899 0.20616462141526037 14.892719110576307 
0.006611974008979282 0.9016296802780058 14.37290988922911 
0.059389590571901074 0.1730120435705509 13.80039160164093 
0.00151717954449615 0.003958327573837073 18.03122642571586 
6.502431571031586e-05 0.08142945340258678 21.469126341689964 
0.02520460886656517 0.6122076508322102 13.861691109662528 
0.0058674190600679355 0.7372849757497513 14.607443628315847 
0.03604052351919107 0.027785493003169015 14.305476414789908 
0.688483491221323 0.000330483779046431 16.114837441748367 
0.00024345699616212801 0.16101592099053164 17.40157420726304 
0.8872571944117406 0.9209200908871839 10.78153511472582 
0.7014613000791551 0.021832525099622302 13.220726396717913 
0.13756339438329412 0.26088575746244536 11.463466391354062 
0.7014106930882411 0.002064690939164726 14.995300365552788 
0.59559179206382 0.02334389500609535 13.045613461525877 
0.8247319372348386 0.039736428757393694 12.911742007636585 
0.3399042477879234 0.034400734346501816 13.748273157147533 
0.016391897473123862 0.08301352767837877 14.267990593847815 
0.0010314779341059621 0.554205358134843 15.274430597662596 
0.09494615009796437 0.8314181154649666 12.244937839799027 
0.7761569708068069 0.08498048231861843 12.625863834589792 
7.048116620445022e-06 0.43230545890435346 20.257821096257675 
0.03978576609022044 0.11171489312169236 13.95016958981917 
0.021707239208147433 3.280834440355651e-05 21.62433103284179 
0.8580871449955103 0.08942599861820832 12.217179074443953 
0.04751013671119053 0.0002983399138744014 19.113364072635854 
0.017562999666887014 0.0013762175199028004 19.62011140177612 
0.11469466110435089 0.7380794475738509 13.02760999413727 
0.01189488446669651 0.013265267890388732 16.45051774921286 
0.5678106408464731 0.0006518981889725994 15.806311205844002 
0.7127742117922845 0.08390729679008702 12.709033979182587 
0.7897332543191876 0.1637614304914463 11.580964825960748 
0.0001249888928809284 0.05750078012106086 19.01197459736861 
0.9706638830915267 6.395293416672221e-05 17.655652964303965 
0.8393802865491704 0.8120300879439665 11.458933825836098 
2.4360384011767877e-05 0.14551070329025273 19.241696619675086 
0.8851025202549221 0.020575106124671505 12.937426601764026 
0.003487164896560202 0.002753535274574226 16.492656181794267 
0.37855055358813816 0.24483192141532584 12.292364720365633 
0.008009724310005795 0.6591697118533013 14.67617770969071 
0.062350281879821945 0.04092736108844275 13.359489132271921 
