0.00313827364730479 0.9792469857459699 
0.9819296200597779 0.0011815659186547034 
0.9687085811651914 0.020464134033013948 
0.3378262651840034 0.8446187524620796 
0.3585541330876233 0.833419096565692 
0.0535980544659197 0.9588750151988504 
0.8707565873737556 0.2836377905213272 
0.19372839485777327 0.9134786803990065 
0.8432088012378767 0.3411527321695149 
0.9161908768580174 0.1766189021155259 
0.8802720635605132 0.2558795238664846 
0.2839995062132282 0.8679097717131324 
0.07820181739862542 0.9505584716118176 
0.1543376793363953 0.9215324537725716 
0.9029386361874596 0.20950487371440796 
0.11888218499928249 0.934174193045336 
0.5865182375658982 0.6760245798680804 
0.42423854190935384 0.7956273256177337 
0.21372491010988093 0.8999254280590862 
0.8522198306731588 0.3244856695948899 
0.13882635077618743 0.9284448280516586 
0.6517584091906796 0.6180603563961687 
0.6113366305726007 0.654036288367878 
0.17580380150359598 0.9149690605823709 
0.8331470589488749 0.3574910360409911 
0.6009434113633558 0.6672771079891241 
0.24262173477060556 0.8869059322840314 
0.4970566454938361 0.7481280854710746 
0.9093001620827227 0.18849846332161024 
0.4079115895868718 0.8107768135575955 
0.5129261470719599 0.7370207875681098 
0.7383067598666084 0.5098090376250088 
0.6398689199925509 0.6347956792754679 
0.47317214199650137 0.7657059402954641 
0.2994492784044105 0.8616182218980615 
0.8263911695526465 0.37166301377834765 
0.7031486379899314 0.5623377134701418 
0.9406746047572836 0.09879616501761135 
0.9383558283294542 0.11758680171969493 
0.22413606017129672 0.8951673894845522 
0.4850197743792325 0.7555561382391229 
0.8970166537089982 0.22645523972482162 
0.9483184393212594 0.08521016805185921 
0.923882646646102 0.15118399544087624 
0.7715157658650672 0.4601558626376572 
0.9525486080340531 0.06950199172373184 
0.2639771615027683 0.8770477540746733 
0.9300711707301198 0.1305185736289416 
0.7818750388155524 0.4501071669976775 
0.10167112347033347 0.9415112718902175 
0.5745695551100973 0.6910360529106933 
0.710147138792629 0.5472310500146932 
0.6927894573904494 0.572281417417746 
0.9573929924174938 0.053800177354942136 
0.7879712077589414 0.43644884420985275 
0.8637330290836895 0.29329020686546303 
0.013545513529335751 0.9758474255402257 
0.5421000260957076 0.7155132426059664 
0.6599576092896928 0.6071163561514261 
0.036933531823508 0.964591738313148 
0.8011196645712593 0.41542624606774003 
0.8100190782719431 0.4053117292517021 
0.028885550694628392 0.9692305751583749 
0.3208974225590977 0.8549021579821325 
0.819068513620817 0.385872657327491 
0.7967516730665783 0.4269562760003023 
0.7172633540895587 0.5377223364082203 
0.37316493717138766 0.8237264054374904 
0.43489730616825073 0.7890363716467028 
0.09137356066204438 0.9457922040480065 
0.9780928321448037 0.014792067186747082 
0.45850605236217434 0.773521252576459 
0.8894501966712381 0.23741701740150722 
0.73029629569028 0.5250756751281922 
0.5291668351411891 0.7236395333503547 
0.6232949671155286 0.6419210350643118 
0.7544526004573641 0.5039115277351112 
0.25589666281808887 0.8802418159332205 
0.5599596516116265 0.7055242970954829 
0.6849745392688815 0.5826658138163592 
0.5263007561353461 0.7315936557907482 
0.6716778395289125 0.6025994528257406 
0.44515630452546096 0.7837016100463443 
0.5671113882257426 0.695699319155104 
0.8166995709141035 0.39621516677100677 
0.31935577799693726 0.8604893977084564 
0.549585021056823 0.7086731195690661 
0.8865781566270841 0.24834186876731768 
0.7587831332557047 0.481258843469346 
0.7556871081898626 0.49560994408552617 
0.9297204581025593 0.14923407171675074 
0.724470462256869 0.5279017909357179 
0.39439988661974 0.8118448654908489 
0.3883397734553514 0.8154002917363081 
0.7641642762714129 0.47301303625839075 
0.6279976385506167 0.6389339340679275 
0.45242739473054483 0.7772962134873016 
0.37957553952548717 0.8211987887177541 
0.8582890014018147 0.30794741522234104 
