0.24262173477060556 0.8869059322840314 
0.868470462496469 0.3057817372217163 
0.6675267327321934 0.634063685395599 
0.039422379416530595 0.9772841280565742 
0.9520707044000933 0.10194775899477737 
0.6212297005407149 0.6566496808405613 
0.4617019353846623 0.7743722865936395 
0.373584807470018 0.8249596104044365 
0.9326302420142869 0.1415232736896247 
0.7553667986894346 0.5032961083789698 
0.8972952170443302 0.226014749247181 
0.2339236070336541 0.9046713717944339 
0.4414687275084892 0.8228200868428333 
0.442179162882388 0.8043047651806187 
0.4510504171096935 0.7785502557733266 
0.9265773830841889 0.15701790496896006 
0.6507975797914026 0.6385369988869367 
0.8414920819851741 0.3783073300889941 
0.9605474596449576 0.046657559367333956 
0.9815864394853275 0.0016179382725973745 
0.2994492784044105 0.8616182218980615 
0.11271781556491878 0.9391773820870553 
0.287838620218545 0.8682855536333252 
0.8598932649406917 0.31675905845908003 
0.10727961278605425 0.9417668305563089 
0.44536770552517546 0.7896690035240732 
0.9408852462133659 0.1174769209917782 
0.8721529962474799 0.2911336144054699 
0.9687175556873227 0.02045001226579135 
0.00313827364730479 0.9792469857459699 
0.040406926452681735 0.9757937628013861 
0.18125090128851828 0.9134976211738949 
0.9528927255517193 0.06810689176154316 
0.056170843300880624 0.9581530166121993 
0.2712119559036862 0.8773380132532089 
0.8408917045774196 0.38442393669839836 
0.7762118445983335 0.48723768470962714 
0.5918051210271142 0.6850719192837125 
0.24532790231950952 0.8858625605044742 
0.1436536188175208 0.9302825721998372 
0.967915078989409 0.04144762363152177 
0.5432111773982855 0.7394312673366761 
0.6793725132951758 0.6194161637716564 
0.9370208620550667 0.13357169107060596 
0.9732301942154691 0.018951413883068202 
0.8970166537089982 0.22645523972482162 
0.8123063475521402 0.41068796431420984 
0.1720210091685539 0.9216497316598403 
0.557786048197111 0.722487444808322 
0.7353498283995814 0.5759916208214888 
0.5781189456410233 0.7056526101218681 
