0.9825587199300435 0.00027390620991463166 
0.004927874797686416 0.9758969811992051 
0.2821175724519259 0.8726854247226472 
0.31354504069161315 0.8559231915061436 
0.548028575554313 0.7139053133301021 
0.5816131621626786 0.6882540828871476 
0.757779571006266 0.4806818235164969 
0.7354469066482656 0.5147135714388207 
0.9076403161660678 0.19326174051296852 
0.7062682164118581 0.5558701860818429 
0.9702276101183482 0.032826645596650716 
0.6417758779673962 0.6309568632967153 
0.3737173646358879 0.8280073904159927 
0.8984826716952801 0.21623901752406816 
0.8860570576194353 0.24222948926708365 
0.6249855814504777 0.6431671229174406 
0.7768304146492738 0.4589639426820751 
0.5227956675221502 0.727602464510976 
0.3890429287074254 0.8150615627729587 
0.6145762675633906 0.6527975098799835 
0.2610846477263271 0.8797467288926016 
0.8780235686377442 0.2626205688519362 
0.8597841278907637 0.30735312799608405 
0.8139055915447783 0.3965012272707451 
0.9466743504072991 0.0822717036158157 
0.48112374394737334 0.7615636681357336 
0.9595549114497657 0.04793543244263421 
0.4911404971553258 0.7525869013646119 
0.9730378258514072 0.010513028451229478 
0.1709838452865714 0.9170553731305922 
0.7179649914344974 0.5396143976526957 
0.6726130104689305 0.5931414230083059 
0.5050097612732761 0.742423027185505 
0.6882123449990432 0.5909363120629292 
0.7789631838838564 0.45327129375875497 
0.35618088530148373 0.8324906976204811 
0.5989732652866762 0.6644368862364174 
0.9260386312185888 0.15607698728910102 
0.40159397263255214 0.8077982072014323 
0.8524385891348759 0.32179026546111866 
0.8925262708982876 0.22776095831760934 
0.8670631752524884 0.29060380746682035 
0.19381613303868894 0.9086979726288373 
0.46420610892567793 0.7694992844578751 
0.13645452171674133 0.9284316235513351 
0.02367210182624413 0.9691810722734355 
0.8394869180840753 0.3429295731079446 
0.049169055589028954 0.964054120887208 
0.9150073771344909 0.17368889792433595 
0.4180565311941782 0.8052860106841113 
0.9339528091309818 0.11964058256516663 
0.22968079527118046 0.8979037163864366 
0.8465462423207815 0.3325534066523407 
0.5614427094096182 0.6989829315179856 
0.790173402407191 0.4326589927700424 
0.07721635708971641 0.9593996506865536 
0.45618568358962774 0.7741261404232567 
0.9387841410496998 0.10299375180807613 
0.9302416583356349 0.14113892849790854 
0.1825975253808021 0.9127190364975555 
0.2480402990361208 0.8919072383566459 
0.8009666873390364 0.41726083649124746 
0.5636740569169987 0.6958784143054161 
0.6921026240713495 0.567456385251388 
0.030840504981914596 0.965699527761906 
0.9543427351435814 0.06462590185006267 
0.7491454261943313 0.49457142302879065 
0.7301859585788275 0.5359642273527445 
0.918114943503382 0.16837253246813555 
0.9414221008127595 0.09553385359807909 
0.8166235275415991 0.38781113814110657 
0.6625245220543614 0.6058970639798134 
0.6897935733536561 0.5701602730421833 
0.4443962178534955 0.7815755532257256 
0.10131755141712995 0.9435951861419253 
0.7908269448330422 0.43172935468690066 
0.42821663021994427 0.7995530196805839 
0.8250712630967388 0.3710775442473011 
0.9306777715406171 0.12953688036373256 
0.24973541844364588 0.8867763396053157 
0.8224358197508644 0.37655710754734195 
0.33129137122314045 0.8516026450958468 
0.08649757043752893 0.9525970645944596 
0.6577044061886381 0.6066989517602548 
0.08842960420221402 0.9464739757577108 
0.3330657195666372 0.8504969731491322 
0.8310858647909316 0.359743863159539 
0.4409624367388375 0.7858579119730598 
0.6490519292738774 0.6164297870488167 
0.34774516614934337 0.8442765071560756 
0.5140516177836304 0.7351899240927319 
0.15223509100597732 0.9243850902429492 
0.10688961918541828 0.9387244404785772 
0.9553023737910611 0.0612767443917569 
0.1159466964654059 0.9357085795498962 
