0.6058829328063033 0.6655903393369269 
0.8891198379466423 0.24039676931414178 
0.5995072472868577 0.6939197768822971 
0.9611238067578524 0.0730593454574987 
0.19567580187778755 0.9322100450022075 
0.7994307307844135 0.48742842420483956 
0.8910503687875455 0.2364818532138374 
0.9712696026406384 0.05948209790032044 
0.6797047924389834 0.6248712236350079 
0.5184881245652759 0.7772114840084945 
0.9276423083917689 0.1378810273192942 
0.959418537114539 0.0903460770461042 
0.8021024710589797 0.4686209695303416 
0.5573896802553917 0.7212758728902788 
0.0918646234041135 0.9603190213640084 
0.7327302374007733 0.5349371290195606 
0.41181546992630125 0.8509873986890627 
0.8287609100315589 0.37527072554705165 
0.9736086818475985 0.04605031894943512 
0.03678550627263799 0.9797167512103617 
0.9154952598485291 0.18134996811859938 
0.9276213388505365 0.13794067557835388 
0.8939084738909604 0.22575248238375212 
0.9591616040461153 0.09711338512131651 
0.7994311600910511 0.4874273250064325 
0.27458753669311664 0.8834412780280213 
0.572414688313766 0.7205437712579768 
0.4444953083731801 0.8336405236267297 
0.6058955904714276 0.6655746213611307 
0.6171033665865719 0.6538737948800355 
0.8606518360217394 0.30455473732356697 
0.9386570080839761 0.1045583536969571 
0.8117752910517573 0.40653639387826346 
0.732569623199071 0.5350764610689882 
0.20850157442578232 0.9253205023926475 
0.9685931208167934 0.060920911065412864 
0.8092618577634737 0.4567348422096944 
0.8701781176845197 0.2821224720267437 
0.6802409376531027 0.5946420611020955 
0.7327904910936373 0.5348239968818815 
0.8002212075193182 0.4728014407339107 
0.9231104427011193 0.14815311477180027 
0.3304740847173827 0.88044144917935 
0.7044897485093065 0.5716604873190713 
0.7997294311442583 0.47424807556320947 
0.8558767376420143 0.3127944091640148 
0.9876308683256968 0.019628419201343283 
0.3437819210178368 0.8644986318956982 
0.8821848314249459 0.27784710140019864 
0.41196156536624906 0.8509010996439129 
0.48184606360448623 0.8183706559925913 
0.48291151081619443 0.7792517607479551 
0.9742800449887342 0.04079792282375838 
0.7519620614791648 0.49018871628105065 
0.6267351219370916 0.6412261923557703 
0.574883518954441 0.7131352180518955 
0.5548081795159334 0.731135707028649 
0.17709229635910362 0.9523341400751111 
0.9086386207295295 0.1856111691830541 
0.89176659230145 0.23295695616839907 
0.8391264458574377 0.3546251524155132 
0.2631248282758094 0.9210560883325289 
